Applications Graphics Acceleration Info:
Uptime: 17996038 Realtime: 19380397

** Graphics info for pid 31096 [com.anonymous.ecobudmobile] **

Stats since: 17989568656379ns
Total frames rendered: 172
Janky frames: 172 (100.00%)
Janky frames (legacy): 172 (100.00%)
50th percentile: 77ms
90th percentile: 85ms
95th percentile: 89ms
99th percentile: 101ms
Number Missed Vsync: 171
Number High input latency: 0
Number Slow UI thread: 157
Number Slow bitmap uploads: 1
Number Slow issue draw commands: 172
Number Frame deadline missed: 172
Number Frame deadline missed (legacy): 172
HISTOGRAM: 5ms=0 6ms=0 7ms=0 8ms=0 9ms=0 10ms=0 11ms=0 12ms=0 13ms=0 14ms=0 15ms=0 16ms=0 17ms=0 18ms=0 19ms=0 20ms=0 21ms=0 22ms=0 23ms=0 24ms=0 25ms=0 26ms=0 27ms=0 28ms=0 29ms=0 30ms=0 31ms=0 32ms=0 34ms=0 36ms=0 38ms=0 40ms=0 42ms=0 44ms=1 46ms=0 48ms=0 53ms=0 57ms=0 61ms=0 65ms=2 69ms=15 73ms=29 77ms=43 81ms=38 85ms=28 89ms=9 93ms=4 97ms=1 101ms=1 105ms=0 109ms=0 113ms=0 117ms=0 121ms=1 125ms=0 129ms=0 133ms=0 150ms=0 200ms=0 250ms=0 300ms=0 350ms=0 400ms=0 450ms=0 500ms=0 550ms=0 600ms=0 650ms=0 700ms=0 750ms=0 800ms=0 850ms=0 900ms=0 950ms=0 1000ms=0 1050ms=0 1100ms=0 1150ms=0 1200ms=0 1250ms=0 1300ms=0 1350ms=0 1400ms=0 1450ms=0 1500ms=0 1550ms=0 1600ms=0 1650ms=0 1700ms=0 1750ms=0 1800ms=0 1850ms=0 1900ms=0 1950ms=0 2000ms=0 2050ms=0 2100ms=0 2150ms=0 2200ms=0 2250ms=0 2300ms=0 2350ms=0 2400ms=0 2450ms=0 2500ms=0 2550ms=0 2600ms=0 2650ms=0 2700ms=0 2750ms=0 2800ms=0 2850ms=0 2900ms=0 2950ms=0 3000ms=0 3050ms=0 3100ms=0 3150ms=0 3200ms=0 3250ms=0 3300ms=0 3350ms=0 3400ms=0 3450ms=0 3500ms=0 3550ms=0 3600ms=0 3650ms=0 3700ms=0 3750ms=0 3800ms=0 3850ms=0 3900ms=0 3950ms=0 4000ms=0 4050ms=0 4100ms=0 4150ms=0 4200ms=0 4250ms=0 4300ms=0 4350ms=0 4400ms=0 4450ms=0 4500ms=0 4550ms=0 4600ms=0 4650ms=0 4700ms=0 4750ms=0 4800ms=0 4850ms=0 4900ms=0 4950ms=0
50th gpu percentile: 6ms
90th gpu percentile: 7ms
95th gpu percentile: 7ms
99th gpu percentile: 8ms
GPU HISTOGRAM: 1ms=0 2ms=0 3ms=0 4ms=5 5ms=61 6ms=75 7ms=27 8ms=4 9ms=0 10ms=0 11ms=0 12ms=0 13ms=0 14ms=0 15ms=0 16ms=0 17ms=0 18ms=0 19ms=0 20ms=0 21ms=0 22ms=0 23ms=0 24ms=0 25ms=0 4950ms=0

Pipeline=Skia (OpenGL)
CPU Caches:
  Glyph Cache: 3.44 MB (1 entry)
  skia/sk_resource_cache/mipmap_0xb4000079397f9630: 15.45 KB (1 entry)
  Glyph Count: 861 
Total CPU memory usage:
  3619895 bytes, 3.45 MB (0.00 bytes is purgeable)
GPU Caches:
  Other:
    Other: 28.81 KB (1 entry)
    Buffer Object: 2.05 KB (2 entries)
  Image:
    Texture: 83.77 MB (16 entries)
  Scratch:
    RenderTarget: 512.00 KB (2 entries)
    Texture: 4.00 MB (3 entries)
    Buffer Object: 78.00 KB (2 entries)
Total GPU memory usage:
  92674368 bytes, 88.38 MB (60.25 MB is purgeable)

Profile data in ms:

	com.anonymous.ecobudmobile/com.anonymous.ecobudmobile.MainActivity/android.view.ViewRootImpl@40e0c46 (visibility=0)
Window: com.anonymous.ecobudmobile/com.anonymous.ecobudmobile.MainActivity
Stats since: 17989568204148ns
Total frames rendered: 172
Janky frames: 172 (100.00%)
Janky frames (legacy): 172 (100.00%)
50th percentile: 77ms
90th percentile: 85ms
95th percentile: 89ms
99th percentile: 101ms
Number Missed Vsync: 171
Number High input latency: 0
Number Slow UI thread: 157
Number Slow bitmap uploads: 1
Number Slow issue draw commands: 172
Number Frame deadline missed: 172
Number Frame deadline missed (legacy): 172
HISTOGRAM: 5ms=0 6ms=0 7ms=0 8ms=0 9ms=0 10ms=0 11ms=0 12ms=0 13ms=0 14ms=0 15ms=0 16ms=0 17ms=0 18ms=0 19ms=0 20ms=0 21ms=0 22ms=0 23ms=0 24ms=0 25ms=0 26ms=0 27ms=0 28ms=0 29ms=0 30ms=0 31ms=0 32ms=0 34ms=0 36ms=0 38ms=0 40ms=0 42ms=0 44ms=1 46ms=0 48ms=0 53ms=0 57ms=0 61ms=0 65ms=2 69ms=15 73ms=29 77ms=43 81ms=38 85ms=28 89ms=9 93ms=4 97ms=1 101ms=1 105ms=0 109ms=0 113ms=0 117ms=0 121ms=1 125ms=0 129ms=0 133ms=0 150ms=0 200ms=0 250ms=0 300ms=0 350ms=0 400ms=0 450ms=0 500ms=0 550ms=0 600ms=0 650ms=0 700ms=0 750ms=0 800ms=0 850ms=0 900ms=0 950ms=0 1000ms=0 1050ms=0 1100ms=0 1150ms=0 1200ms=0 1250ms=0 1300ms=0 1350ms=0 1400ms=0 1450ms=0 1500ms=0 1550ms=0 1600ms=0 1650ms=0 1700ms=0 1750ms=0 1800ms=0 1850ms=0 1900ms=0 1950ms=0 2000ms=0 2050ms=0 2100ms=0 2150ms=0 2200ms=0 2250ms=0 2300ms=0 2350ms=0 2400ms=0 2450ms=0 2500ms=0 2550ms=0 2600ms=0 2650ms=0 2700ms=0 2750ms=0 2800ms=0 2850ms=0 2900ms=0 2950ms=0 3000ms=0 3050ms=0 3100ms=0 3150ms=0 3200ms=0 3250ms=0 3300ms=0 3350ms=0 3400ms=0 3450ms=0 3500ms=0 3550ms=0 3600ms=0 3650ms=0 3700ms=0 3750ms=0 3800ms=0 3850ms=0 3900ms=0 3950ms=0 4000ms=0 4050ms=0 4100ms=0 4150ms=0 4200ms=0 4250ms=0 4300ms=0 4350ms=0 4400ms=0 4450ms=0 4500ms=0 4550ms=0 4600ms=0 4650ms=0 4700ms=0 4750ms=0 4800ms=0 4850ms=0 4900ms=0 4950ms=0
50th gpu percentile: 6ms
90th gpu percentile: 7ms
95th gpu percentile: 7ms
99th gpu percentile: 8ms
GPU HISTOGRAM: 1ms=0 2ms=0 3ms=0 4ms=5 5ms=61 6ms=75 7ms=27 8ms=4 9ms=0 10ms=0 11ms=0 12ms=0 13ms=0 14ms=0 15ms=0 16ms=0 17ms=0 18ms=0 19ms=0 20ms=0 21ms=0 22ms=0 23ms=0 24ms=0 25ms=0 4950ms=0



---PROFILEDATA---
Flags,FrameTimelineVsyncId,IntendedVsync,Vsync,InputEventId,HandleInputStart,AnimationStart,PerformTraversalsStart,DrawStart,FrameDeadline,FrameInterval,FrameStartTime,SyncQueued,SyncStart,IssueDrawCommandsStart,SwapBuffers,FrameCompleted,DequeueBufferDuration,QueueBufferDuration,GpuCompleted,SwapBuffersCompleted,DisplayPresentTime,CommandSubmissionCompleted,
0,12034077,17991487848379,17991509878363,0,17991515439225,17991515441379,17991516172764,17991516682533,17991509974482,17991515434533,11014992,17991518250841,17991551123764,17991551468148,17991588700456,17991593536687,29230,397231,17991593536687,17991589596379,17991620186533,17991588700456,
0,12034106,17991520889628,17991542919384,0,17991551924148,17991551926533,17991554706917,17991554999841,17991543015617,17991551917917,11014878,17991560303225,17991589721917,17991590023225,17991624335533,17991628864456,27000,378154,17991628864456,17991625177917,17991653370917,17991624335533,
0,12034142,17991564947683,17991586977285,0,17991590583456,17991590585917,17991593177379,17991593340148,17991587073595,17991590577994,11014801,17991594627148,17991625310225,17991625643764,17991660362841,17991666205610,26769,323693,17991666205610,17991661262533,17991686483225,17991660362841,
0,12034171,17991598023414,17991620054134,0,17991626156379,17991626157917,17991627777917,17991628043764,17991620149885,17991626149994,11015360,17991629069687,17991661389687,17991661674917,17991699165379,17991705263225,27076,325154,17991705263225,17991699953917,17991730613302,17991699165379,
0,12034200,17991631070352,17991653101236,0,17991662315148,17991662319225,17991663142533,17991663423764,17991653196905,17991662304687,11015442,17991665100148,17991700119456,17991700410917,17991737824456,17991744377917,27692,332231,17991744377917,17991738533379,17991774441071,17991737824456,
0,12034229,17991664105471,17991697151203,0,17991701002225,17991701006533,17991704451148,17991704655148,17991686231826,17991700991841,11015244,17991705462917,17991738653687,17991738937379,17991778269302,17991783927148,24077,347693,17991783927148,17991779129302,17991818476994,17991778269302,
0,12034265,17991708186915,17991730218249,0,17991739249071,17991739250841,17991739780148,17991739923225,17991730313693,17991739244071,11015667,17991740541302,17991779233302,17991779525379,17991818532379,17991824142225,26077,325847,17991824142225,17991819389994,17991862559148,17991818532379,
0,12034294,17991741265033,17991774313975,0,17991779792456,17991779794225,17991780207225,17991780348148,17991763392458,17991779786917,11016314,17991780924764,17991819524071,17991819858533,17991858543533,17991862767148,28000,411308,17991862767148,17991859476994,17991884592994,17991858543533,
0,12034330,17991785371975,17991818423539,0,17991821616148,17991821622841,17991823136456,17991823428764,17991807500274,17991821593687,11017188,17991825988687,17991859610302,17991859925610,17991895729687,17991900103225,30461,387154,17991900103225,17991896902841,17991939719148,17991895729687,
0,12034366,17991829423117,17991862473868,-737427816,17991863221994,17991863227533,17991866089610,17991866254841,17991851551145,17991863210841,11016917,17991866722302,17991897087456,17991897439764,17991932931764,17991937222225,33615,379692,17991937222225,17991933932379,17991961713610,17991932931764,
0,12034402,17991873469103,17991895502239,-396926561,17991897793687,17991902515148,17991903225994,17991903377610,17991895596782,17991897786917,11016568,17991903877687,17991934034533,17991934341994,17991970220379,17991974533610,34154,373231,17991974533610,17991971061687,17991994718302,17991970220379,
0,12034431,17991906504383,17991928537075,-609039850,17991934637379,17991937127225,17991939142302,17991939461071,17991928631840,17991934632071,11016346,17991940577071,17991971188994,17991971465687,17992007073917,17992011924687,23385,402077,17992011924687,17992007974302,17992038804379,17992007073917,
0,12034460,17991939539553,17991961571731,-709864650,17991972426302,17991974145917,17991976995841,17991977180148,17991961666753,17991972415841,11016089,17991977805071,17992008136379,17992008451148,17992043366225,17992048732148,26462,489846,17992048732148,17992044503456,17992071860687,17992043366225,
0,12034496,17991983603855,17992005636099,-181872463,17992009336379,17992017318302,17992019684379,17992019952764,17992005731088,17992009317071,11016122,17992023712764,17992044696071,17992045115841,17992080614225,17992086163841,34154,429000,17992086163841,17992081576687,17992104889071,17992080614225,
0,12034525,17992016641100,17992038672886,-689618213,17992045831764,17992047708379,17992050301071,17992050712456,17992038768104,17992045822302,11015893,17992051481302,17992081744379,17992082084994,17992120363764,17992126302610,28308,362384,17992126302610,17992121373918,17992159962610,17992120363764,
0,12034554,17992049670986,17992071702056,-977190306,17992082632456,17992085466225,17992088075533,17992088515456,17992071797632,17992082625687,11015535,17992090065610,17992121522610,17992121877071,17992156428994,17992162070918,24308,424000,17992162070918,17992157388456,17992192989610,17992156428994,
0,12034590,17992093721248,17992115751770,-36701169,17992122724994,17992124933687,17992127673994,17992128083148,17992115847620,17992122712687,11015261,17992129281379,17992157535225,17992157887841,17992193324071,17992198936764,29231,400308,17992198936764,17992194428687,17992226046610,17992193324071,
0,12034619,17992126758904,17992148788996,-914418695,17992158460379,17992162591148,17992165454302,17992166033687,17992148885061,17992158453994,11015046,17992168676764,17992194558302,17992194882918,17992231933994,17992236846533,26462,373846,17992236846533,17992232858841,17992270218841,17992231933994,
0,12034648,17992159793274,17992192837578,-1018210965,17992195419841,17992197622610,17992200743225,17992201130610,17992181919153,17992195413918,11014768,17992202774302,17992232988379,17992233314841,17992269185302,17992273897071,28307,399692,17992273897071,17992270192994,17992303139456,17992269185302,
0,12034684,17992203842772,17992225871794,-209995389,17992233867533,17992238481994,17992241625994,17992241979148,17992225968394,17992233860456,11014511,17992244792148,17992270332071,17992270739148,17992306371841,17992311249302,26154,452616,17992311249302,17992307453687,17992336172994,17992306371841,
0,12034713,17992236869380,17992269911419,-826834912,17992275186610,17992275249610,17992277793918,17992278077918,17992258994504,17992275169379,11014013,17992279577994,17992307610610,17992307985610,17992343351225,17992349480994,54462,411308,17992349480994,17992346078841,17992380238841,17992343351225,
0,12034749,17992280914842,17992302942146,0,17992308827764,17992308833610,17992310214841,17992310520994,17992303039605,17992308821071,11013652,17992314932764,17992346210225,17992346581610,17992385012148,17992392105610,29846,344538,17992392105610,17992387814610,17992413329071,17992385012148,
0,12034778,17992313971330,17992347012700,0,17992347298225,17992347302841,17992348753610,17992349658225,17992336096231,17992347285687,11013790,17992352790918,17992387951764,17992388319533,17992424911225,17992430415456,30384,374770,17992430415456,17992425835841,17992468348379,17992424911225,
0,12034814,17992358033081,17992380061205,0,17992388862533,17992388864379,17992391205687,17992391362533,17992380158254,17992388857302,11014062,17992394335764,17992425999148,17992426376994,17992461444148,17992467168687,31077,353615,17992467168687,17992462336071,17992490398841,17992461444148,
0,12034843,17992391061813,17992424102838,0,17992427266225,17992427271841,17992433289379,17992433891533,17992413186599,17992427251456,11013675,17992440317687,17992462477379,17992462804687,17992504240994,17992509997687,28539,342384,17992509997687,17992505349302,17992534430225,17992504240994,
0,12034879,17992435100683,17992457126963,0,17992463655764,17992463660764,17992469011764,17992469404687,17992457224934,17992463643225,11013140,17992474276456,17992505484994,17992505871533,17992542603533,17992549699148,25769,460000,17992549699148,17992543740456,17992567468456,17992542603533,
0,12034908,17992468153525,17992512207189,-202168914,17992514162841,17992514168148,17992517177071,17992517544071,17992490278052,17992514149994,11013416,17992518641302,17992543962841,17992544497918,17992586584764,17992594134225,42154,374077,17992594134225,17992587431841,17992611629379,17992586584764,
0,12034951,17992523232943,17992545260595,-505971756,17992545508456,17992550493071,17992555404764,17992555992148,17992545357880,17992545492148,11013826,17992556896456,17992587572764,17992587971456,17992628194225,17992632915764,30692,379077,17992632915764,17992629056764,17992655862841,17992628194225,
0,12034980,17992556302631,17992578332101,-546355012,17992588601994,17992590977918,17992593606302,17992593991533,17992578428477,17992588595533,11014735,17992595217071,17992629180994,17992629494918,17992664969918,17992670900764,24692,384539,17992670900764,17992667086918,17992699628994,17992664969918,
0,12035016,17992600341279,17992622369767,-691414976,17992630005071,17992632588994,17992635569994,17992635725610,17992622466634,17992629999456,11014244,17992636394610,17992667213994,17992667546610,17992703559456,17992708597071,25846,468538,17992708597071,17992704688764,17992732661302,17992703559456,
0,12035045,17992633384011,17992666426743,-27869140,17992668039533,17992670417379,17992673295764,17992673574225,17992655509366,17992667998533,11014244,17992674168148,17992704868379,17992705387225,17992740620071,17992745837918,37769,392307,17992745837918,17992741529687,17992765713610,17992740620071,
0,12035081,17992677455922,17992699484890,-978884438,17992706116687,17992709789687,17992712430841,17992712807764,17992699581517,17992706108071,11014484,17992713723764,17992741648994,17992741965071,17992779908456,17992785548687,24923,573539,17992785548687,17992781392764,17992809780764,17992779908456,
0,12035110,17992710551181,17992732582073,-821387803,17992742385610,17992743742918,17992746206610,17992746465302,17992732677738,17992742380379,11015446,17992747153302,17992781561994,17992782005071,17992818113610,17992823967456,35077,484308,17992823967456,17992819179225,17992842924456,17992818113610,
0,12035139,17992743583186,17992776629035,-720254706,17992782751533,17992785931456,17992788642225,17992788795456,17992765709580,17992782742610,11015283,17992789468687,17992819328071,17992819679533,17992856212071,17992862232687,29462,398769,17992862232687,17992857506533,17992898124148,17992856212071,
0,12035175,17992787626154,17992809656126,-367232935,17992820599148,17992822773302,17992825466918,17992825979764,17992809752251,17992820590841,11014986,17992826780379,17992857644148,17992858001918,17992894258533,17992899618533,31769,387385,17992899618533,17992895169302,17992919925994,17992894258533,
0,12035211,17992831667013,17992853696187,-127820185,17992858573379,17992861363764,17992864357379,17992864592456,17992853792711,17992858567533,11014587,17992865889302,17992895304071,17992895621994,17992932817918,17992937518533,27462,373538,17992937518533,17992933735841,17992975058918,17992932817918,
0,12035240,17992864699242,17992886727958,-874585616,17992896170610,17992898840687,17992901711456,17992902125610,17992886824711,17992896165071,11014358,17992902906610,17992933866302,17992934192071,17992969733302,17992974387148,28692,389615,17992974387148,17992970738302,17992997012148,17992969733302,
0,12035269,17992897755356,17992930799186,-720872272,17992938374225,17992938398918,17992941187148,17992941440148,17992919881077,17992938366533,11014610,17992942411533,17992970882610,17992971245071,17993007450302,17993012202841,38153,373307,17993012202841,17993008540071,17993041071764,17993007450302,
0,12035305,17992941851426,17992963882052,0,17992972378533,17992972383148,17992973813994,17992974064764,17992963977850,17992972369610,11015313,17992977053302,17993008676687,17993009008994,17993044368687,17993049120456,37231,342846,17993049120456,17993045498302,17993074105610,17993044368687,
0,12035334,17992974880048,17993007925039,0,17993009816379,17993009822302,17993011431841,17993011834302,17992997006156,17993009803841,11014997,17993015545302,17993045638533,17993045950918,17993082410302,17993087236148,32385,394461,17993087236148,17993083295148,17993107171533,17993082410302,
0,12035370,17993018934876,17993040964604,0,17993046525071,17993046530610,17993051362841,17993051813302,17993041060851,17993046510918,11014864,17993054854918,17993083424687,17993083719764,17993120383225,17993126581687,22769,419769,17993126581687,17993122764071,17993151223764,17993120383225,
0,12035399,17993051960360,17993085003800,-1012962268,17993093115533,17993093118533,17993095804764,17993096064994,17993074085951,17993093103764,11014480,17993096953071,17993122916071,17993123255841,17993158356994,17993163323225,26846,397230,17993163323225,17993159273994,17993184265610,17993158356994,
0,12035435,17993096015796,17993118045030,-514770041,17993124053379,17993127336148,17993129871456,17993130207533,17993118141524,17993124040687,11014617,17993131175456,17993159422302,17993159713610,17993194549994,17993199662841,26154,388231,17993199662841,17993195619225,17993239361918,17993194549994,
0,12035464,17993129042074,17993151070572,-870377395,17993160224071,17993161724456,17993164590918,17993165611841,17993151167434,17993160218533,11014249,17993166442225,17993195776687,17993196238533,17993231733071,17993236724687,38692,358231,17993236724687,17993232694533,17993261411841,17993231733071,
0,12035493,17993162072671,17993195114491,-874417968,17993197384764,17993202752994,17993205204764,17993205550918,17993184197722,17993197371456,11013940,17993208985302,17993232823456,17993233148456,17993269129610,17993274073610,26462,356923,17993274073610,17993270000994,17993305503225,17993269129610,
0,12035529,17993206117247,17993228144545,-170098055,17993233671841,17993234660687,17993236919148,17993237095225,17993228242007,17993233666841,11013649,17993237683533,17993270137994,17993270424994,17993305733687,17993310902302,23616,295077,17993310902302,17993306542225,17993338476148,17993305733687,
0,12035558,17993239154129,17993261181269,-661507501,17993270840687,17993273785610,17993276851841,17993277096994,17993261278810,17993270834302,11013570,17993279014533,17993306668379,17993306996687,17993342453994,17993347719533,25923,417616,17993347719533,17993343553918,17993371535533,17993342453994,
0,12035587,17993272191391,17993305231591,-898942639,17993307497302,17993309203456,17993312415148,17993312703148,17993294315902,17993307491148,11013400,17993313522918,17993343781994,17993344426918,17993380723456,17993385863764,51692,428692,17993385863764,17993381723764,17993404561918,17993380723456,
0,12035623,17993316248109,17993338274877,-963934933,17993346877379,17993351786533,17993354405302,17993354705379,17993338372604,17993346858302,11013384,17993358066302,17993381881918,17993382268456,17993418205610,17993423443764,27000,435692,17993423443764,17993419339841,17993459665302,17993418205610,
0,12035652,17993349295457,17993382335639,-626286231,17993382802533,17993385431225,17993388685995,17993388918225,17993371419962,17993382794302,11013394,17993392831764,17993419501071,17993419892071,17993456163764,17993461526918,33307,466385,17993461526918,17993457202610,17993481688071,17993456163764,
0,12035688,17993393339030,17993415365134,-258220555,17993421003148,17993426833610,17993429756764,17993430163148,17993415463193,17993420988379,11013052,17993433074533,17993457354841,17993457769379,17993495081302,17993500774225,35923,346384,17993500774225,17993496122841,17993536768687,17993495081302,
0,12035717,17993426386509,17993448413025,-53898394,17993458650302,17993464466918,17993468877071,17993469213610,17993448510878,17993458637071,11013258,17993471536687,17993496258841,17993496639148,17993532819841,17993538461071,33000,344000,17993538461071,17993533743764,17993569813918,17993532819841,
0,12035753,17993470469107,17993503511884,-188029542,17993506477995,17993506551533,17993508281918,17993508683456,17993492594477,17993506460687,11014259,17993511762302,17993533846533,17993534176995,17993571345610,17993576527533,31461,426077,17993576527533,17993572355841,17993613890533,17993571345610,
0,12035789,17993514525067,17993536553401,0,17993537356379,17993537361071,17993539036071,17993539845610,17993536650345,17993537344071,11014167,17993542139456,17993572474225,17993572800456,17993608074918,17993614044071,25770,356000,17993614044071,17993610049302,17993635941071,17993608074918,
0,12035818,17993547563017,17993569590963,0,17993574852995,17993574860148,17993575831148,17993576194841,17993569688101,17993574834225,11013973,17993578902841,17993610183148,17993610490533,17993647317302,17993652149302,26692,314384,17993652149302,17993648542610,17993691018841,17993647317302,
0,12035847,17993580603479,17993602631155,0,17993610856995,17993610858610,17993622288148,17993622536071,17993602728428,17993610851841,11013838,17993623375764,17993648669302,17993648985995,17993685004379,17993689745918,27692,345308,17993689745918,17993685938841,17993713028148,17993685004379,
0,12035883,17993624658763,17993646686239,0,17993649867148,17993649871456,17993651515148,17993651800764,17993646783612,17993649856379,11013738,17993653387841,17993686067841,17993686367841,17993723112687,17993727992995,28308,357231,17993727992995,17993723964687,17993757089687,17993723112687,
0,12035912,17993657717315,17993679745661,0,17993687092456,17993687098610,17993688192071,17993688707841,17993679842599,17993687080071,11014173,17993690337071,17993724128764,17993724435841,17993759866302,17993765358841,28923,336539,17993765358841,17993760974302,17993790139456,17993759866302,
0,12035941,17993690795827,17993723841625,-942029118,17993728653610,17993728660379,17993731516456,17993731887456,17993712922204,17993728638225,11015266,17993732974533,17993761098918,17993761406918,17993797454841,17993804147841,25615,401846,17993804147841,17993799582841,17993823174302,17993797454841,
0,12035977,17993734864699,17993756895565,-637474297,17993762325995,17993767453687,17993771668764,17993772063841,17993756991243,17993762318918,11015433,17993773032071,17993799689071,17993800101610,17993836594302,17993841964071,34769,585153,17993841964071,17993838274841,17993878317918,17993836594302,
0,12036006,17993767919935,17993789951423,-648899066,17993800975456,17993808629995,17993811734302,17993812385687,17993790046790,17993800961995,11015744,17993815057610,17993838450225,17993838795764,17993875149918,17993880413071,29000,493770,17993880413071,17993876317071,17993900469610,17993875149918,
0,12036042,17993811982233,17993834013709,-330240550,17993840605687,17993843023764,17993852814841,17993853259533,17993834109082,17993840598841,11015738,17993856586610,17993876467225,17993876872995,17993912842918,17993917995148,35923,347385,17993917995148,17993913968764,17993944355841,17993912842918,
0,12036071,17993845029086,17993867060550,-832725097,17993877500764,17993881292071,17993884238225,17993884668687,17993867155929,17993877494302,11015732,17993885840995,17993914117302,17993914533995,17993949955148,17993955089071,36846,471692,17993955089071,17993951020071,17993977410533,17993949955148,
0,12036107,17993889087292,17993911118522,-390891585,17993915098225,17993917439533,17993920712995,17993920980995,17993911214018,17993915091456,11015615,17993921914841,17993951198918,17993951593687,17993987228148,17993993087764,27076,444846,17993993087764,17993988326610,17994032483841,17993987228148,
0,12036136,17993922146417,17993944178135,-147483076,17993952296379,17993955271225,17993958268764,17993958425995,17993944273387,17993952289302,11015859,17993959189995,17993988491764,17993988917379,17994023823841,17994029112148,35154,375385,17994029112148,17994024714533,17994054528687,17994023823841,
0,12036165,17993955228066,17993988277620,-842536926,17993989471533,17993991424148,17993995881995,17993996550841,17993977355695,17993989464148,11016518,17993997678302,17994024844764,17994025166225,17994062155533,17994067360379,25846,390461,17994067360379,17994063045995,17994087551148,17994062155533,
0,12036201,17993999285098,17994021317802,-662578880,17994025648995,17994027733071,17994031172764,17994031508379,17994021412561,17994025643225,11016352,17994032556995,17994063173995,17994063485610,17994100423225,17994105308379,26231,339923,17994105308379,17994101229687,17994131655841,17994100423225,
0,12036230,17994032329454,17994054362038,-402603209,17994063946610,17994065842610,17994069504456,17994069844995,17994054456857,17994063941918,11016292,17994070513995,17994101365995,17994101692687,17994137566225,17994142585918,25308,384538,17994142585918,17994138445379,17994164661302,17994137566225,
0,12036259,17994065374985,17994098423867,-230430077,17994102558302,17994106510918,17994109886302,17994110272995,17994087502390,17994102546533,11016294,17994111345379,17994138590302,17994138878302,17994174138225,17994179390225,24231,507615,17994179390225,17994175294610,17994197674841,17994174138225,
0,12036295,17994109444052,17994142493546,-599867442,17994143399148,17994143459533,17994146063225,17994146346302,17994131571661,17994143383148,11016498,17994147234225,17994175482225,17994175882533,17994210818533,17994215558841,34462,322231,17994215558841,17994211651841,17994241770610,17994210818533,
0,12036331,17994153499322,17994175531898,0,17994176839456,17994176843764,17994178283148,17994178589071,17994175626721,17994176825995,11016288,17994182007764,17994211797302,17994212136148,17994246992995,17994251942841,33000,516538,17994251942841,17994248165687,17994274794533,17994246992995,
0,12036360,17994186548480,17994208581080,0,17994212760764,17994212765687,17994214247456,17994214725918,17994208675891,17994212746225,11016300,17994220774841,17994248357610,17994248784995,17994284420071,17994288911148,44000,401846,17994288911148,17994285446225,17994307843764,17994284420071,
0,12036389,17994219585389,17994241617439,0,17994249731841,17994249736148,17994252706302,17994252908148,17994241712525,17994249721687,11016025,17994254025302,17994285612995,17994286044764,17994322198225,17994328299841,35385,375615,17994328299841,17994323143456,17994352056148,17994322198225,
0,12036418,17994252618508,17994285665671,0,17994286574533,17994286577379,17994289121302,17994289367533,17994274745340,17994286568379,11015721,17994290236687,17994323302302,17994323633379,17994362906610,17994370057918,27615,312924,17994370057918,17994363660379,17994406961379,17994362906610,
0,12036454,17994296673481,17994318704525,0,17994324248995,17994324251148,17994324724148,17994324951764,17994318800114,17994324242841,11015522,17994325679841,17994363787764,17994364119148,17994403081687,17994409604379,28231,357307,17994409604379,17994403942841,17994429165379,17994403081687,
0,12036483,17994329708502,17994362754231,0,17994364373379,17994364374918,17994366116379,17994366376456,17994351834856,17994364368071,11015243,17994367193379,17994404131533,17994404418225,17994445085687,17994451118302,31077,536923,17994451118302,17994446470918,17994473007533,17994445085687,
0,12036519,17994373759197,17994395789141,0,17994404996148,17994405000764,17994406073995,17994406419841,17994395885280,17994404984148,11014972,17994409407841,17994446606302,17994446894841,17994487500071,17994494109995,31154,420000,17994494109995,17994488383225,17994528088379,17994487500071,
0,12036548,17994406829543,17994439875785,0,17994447365379,17994447370225,17994448218841,17994448390225,17994428956068,17994447354841,11015414,17994449001918,17994488547533,17994488925687,17994527182533,17994531402610,29923,525847,17994531402610,17994528351764,17994572155456,17994527182533,
0,12036584,17994450902558,17994483949511,-75075081,17994493169302,17994493372071,17994494237995,17994494468687,17994473029320,17994493158918,11015651,17994495196379,17994528536764,17994528846533,17994565540764,17994571255225,35615,392231,17994571255225,17994568043456,17994594137071,17994565540764,
0,12036620,17994494965162,17994528012115,-27110846,17994529104456,17994533759225,17994534994533,17994535320071,17994517091924,17994529098302,11015651,17994535889918,17994568185071,17994568489302,17994603923225,17994608419456,27923,349538,17994608419456,17994604918841,17994627194841,17994603923225,
0,12036656,17994538999128,17994561029274,-169810094,17994568835148,17994571214918,17994574064379,17994574331456,17994561125312,17994568828764,11015073,17994574967764,17994605071456,17994605387225,17994639929687,17994644877687,29846,388231,17994644877687,17994641116071,17994682329302,17994639929687,
0,12036685,17994572020383,17994605064030,-767894786,17994607226225,17994609791456,17994612354610,17994612590533,17994594146043,17994607210302,11014549,17994613790225,17994641267764,17994641592995,17994677202918,17994682668995,26076,433847,17994682668995,17994678289072,17994704250841,17994677202918,
0,12036721,17994616059900,17994638088124,-33401058,17994642012764,17994645636379,17994648095841,17994648500072,17994638185123,17994642007456,11014112,17994651446225,17994678463533,17994678833072,17994714697995,17994720181072,37539,378154,17994720181072,17994715583841,17994759332148,17994714697995,
0,12036750,17994649074465,17994671101373,-56092853,17994679464687,17994681445072,17994684168148,17994684640687,17994671199030,17994679457687,11013454,17994685419456,17994715744379,17994716199148,17994751355841,17994756830533,38692,455692,17994756830533,17994752291225,17994781364456,17994751355841,
0,12036779,17994682103433,17994715143081,-799759609,17994716754610,17994720468764,17994723248764,17994723769302,17994704227760,17994716748072,11013216,17994725770302,17994752433379,17994752757379,17994789378841,17994795819841,31000,479384,17994795819841,17994791588995,17994814409918,17994789378841,
0,12036815,17994726177019,17994748204673,-881913710,17994753311841,17994754525379,17994757066610,17994757256764,17994748301957,17994753306225,11013827,17994758220072,17994791755225,17994792176995,17994828756456,17994833742533,28385,368615,17994833742533,17994829635841,17994858448148,17994828756456,
0,12036844,17994759194719,17994792234634,-183044399,17994793526841,17994801517072,17994804182841,17994804566533,17994781319135,17994793503764,11013305,17994808707225,17994829769379,17994830090610,17994867854918,17994874045379,25538,527385,17994874045379,17994870126841,17994902552072,17994867854918,
0,12036880,17994803230849,17994825256669,-890594185,17994830525072,17994832578533,17994835054533,17994835533302,17994825354870,17994830519533,11012910,17994837396764,17994870312379,17994870729918,17994908508995,17994913915764,30461,472385,17994913915764,17994909606225,17994935532687,17994908508995,
0,12036909,17994836257291,17994869295088,-109505572,17994871377072,17994876514533,17994879226610,17994879696764,17994858381001,17994871368764,11012599,17994883295225,17994909750302,17994910142841,17994945468456,17994951163533,30461,548000,17994951163533,17994946665610,17994979598533,17994945468456,
0,12036945,17994880299736,17994913336900,-735195816,17994914162533,17994914223225,17994917600687,17994917953995,17994902423235,17994914145610,11012388,17994919051841,17994946839841,17994947243148,17994982196764,17994987607533,33230,435923,17994987607533,17994983200148,17995012620456,17994982196764,
0,12036981,17994924337004,17994946361108,0,17994947987533,17994947990918,17994949493072,17994949812687,17994946460167,17994947981610,11012052,17994952742610,17994983370841,17994983747456,17995020440072,17995026928379,29308,436307,17995026928379,17995022523225,17995056679148,17995020440072,
0,12037010,17994957380407,17994979404739,0,17994984188379,17994984190533,17994984968764,17994985346533,17994979503684,17994984182225,11012166,17994987046610,17995022692687,17995023098841,17995059608995,17995064664764,31384,473846,17995064664764,17995060840687,17995100740379,17995059608995,
0,12037039,17994990407213,17995023442910,0,17995023500764,17995023502841,17995026362841,17995026560456,17995012530223,17995023493995,11011899,17995033056995,17995061018610,17995061444148,17995097086302,17995101926610,33231,400077,17995101926610,17995098333379,17995122808764,17995097086302,
0,12037075,17995034440976,17995056463766,0,17995062057610,17995062059764,17995064859148,17995065078841,17995056563482,17995062051456,11011395,17995067116456,17995098484148,17995098884764,17995135595148,17995141770841,33539,355077,17995141770841,17995136439225,17995177852687,17995135595148,
0,12037104,17995067475161,17995089497951,0,17995099439148,17995099441610,17995101492072,17995101902610,17995089597667,17995099432379,11011395,17995105610302,17995136574841,17995136881302,17995175090225,17995181817995,30076,409231,17995181817995,17995175952764,17995211135764,17995175090225,
0,12037140,17995111516115,17995133538489,0,17995137653379,17995137657918,17995138622533,17995138923148,17995133638413,17995137644456,11011187,17995142326918,17995176163456,17995176569379,17995215885918,17995222020072,36615,337846,17995222020072,17995216676687,17995243928687,17995215885918,
0,12037169,17995144549737,17995166571885,0,17995177150533,17995177152148,17995179750302,17995180177072,17995166671922,17995177144456,11011074,17995181312148,17995216817918,17995217141072,17995256873918,17995262704379,27077,316923,17995262704379,17995257652456,17995288065687,17995256873918,
0,12037205,17995188625749,17995210649527,0,17995217660687,17995217662610,17995219415533,17995219677072,17995210748749,17995217653379,11011889,17995220971225,17995257783225,17995258104456,17995296080995,17995301878610,31616,353000,17995301878610,17995296896379,17995321025072,17995296080995,
0,12037234,17995221667792,17995254703717,0,17995258577687,17995258580072,17995259000148,17995259149072,17995243790878,17995258571456,11011975,17995259729072,17995297030302,17995297383533,17995338266841,17995343809610,26538,454384,17995343809610,17995340436148,17995365128456,17995338266841,
0,12037270,17995265799343,17995287827151,0,17995297695148,17995297696456,17995299780148,17995300133918,17995287924358,17995297689610,11013904,17995300900456,17995340579456,17995340941995,17995376321995,17995381082610,25462,368692,17995381082610,17995377259533,17995420274610,17995376321995,
0,12037299,17995298835109,17995331876569,0,17995341245687,17995341247148,17995341798225,17995341977687,17995320960040,17995341240456,11013820,17995342682610,17995377398918,17995377705995,17995413583225,17995418453995,24616,401539,17995418453995,17995414676995,17995442194610,17995413583225,
0,12037335,17995342904593,17995375947022,0,17995377952072,17995377953379,17995379596148,17995379815533,17995365029847,17995377946610,11014143,17995380450610,17995414869302,17995415293918,17995451485072,17995456480687,37846,461924,17995456480687,17995452480148,17995475218918,17995451485072,
0,12037371,17995386957378,17995408985704,0,17995416357610,17995416360456,17995416825610,17995417069918,17995409082652,17995416351148,11014163,17995417706225,17995452634225,17995452981072,17995487745072,17995492937918,39077,394538,17995492937918,17995488890533,17995519336456,17995487745072,
0,12037400,17995420001764,17995453044394,0,17995453365687,17995453367456,17995453836379,17995454056995,17995442127085,17995453359841,11014210,17995454881072,17995489072379,17995489488072,17995525142302,17995530707841,35077,512231,17995530707841,17995526311764,17995552327764,17995525142302,
0,12037436,17995464079266,17995486108560,0,17995489813687,17995489815456,17995490248379,17995490429302,17995486205024,17995489807764,11014647,17995491080456,17995526479148,17995526868456,17995562594918,17995567500379,31615,396846,17995567500379,17995563735148,17995607373072,17995562594918,
0,12037465,17995497124939,17995519154679,0,17995527246918,17995527249302,17995527722918,17995527916379,17995519250920,17995527240148,11014870,17995528901995,17995563872995,17995564239533,17995601891764,17995607448072,42461,361154,17995607448072,17995603781610,17995629449995,17995601891764,
0,12037494,17995530155706,17995563199548,0,17995564809302,17995564814225,17995565643456,17995566059225,17995552281431,17995564797302,11014614,17995568368148,17995603928379,17995604316995,17995640161302,17995645056764,42154,380846,17995645056764,17995641061918,17995673473379,17995640161302,
0,12037530,17995574215454,17995596244756,0,17995604682533,17995604684148,17995605080148,17995605236687,17995596341216,17995604676687,11014651,17995605821379,17995641189072,17995641490610,17995676093687,17995682097302,24923,334770,17995682097302,17995678014610,17995706505302,17995676093687,
0,12037559,17995607250109,17995640293597,0,17995641778610,17995641780072,17995642147841,17995642298302,17995629375716,17995641773379,11014496,17995642865610,17995678149687,17995678523148,17995713396456,17995718927841,30461,481538,17995718927841,17995714522302,17995739536764,17995713396456,
0,12037595,17995651294232,17995673322736,0,17995678822918,17995678824764,17995679260687,17995679445072,17995673419595,17995678816379,11014252,17995680289995,17995714677072,17995715024148,17995749705995,17995755176995,28077,430769,17995755176995,17995750853995,17995783570533,17995749705995,
0,12037624,17995684333218,17995706361522,0,17995715668379,17995715673610,17995716895225,17995717129687,17995706458481,17995715656072,11014152,17995717850841,17995751014225,17995751381072,17995786374841,17995791485302,35769,397923,17995791485302,17995787428764,17995816611533,17995786374841,
0,12037653,17995717371147,17995750413522,0,17995751761072,17995751763148,17995752300379,17995752492456,17995739496383,17995751753918,11014125,17995753530918,17995787560379,17995787861072,17995823550302,17995828378610,25846,416000,17995828378610,17995824587533,17995849778533,17995823550302,
0,12037689,17995761414143,17995783441755,0,17995788135841,17995788137379,17995788530841,17995788678918,17995783539060,17995788129995,11013806,17995789165072,17995824756072,17995825155841,17995861041995,17995865744687,30462,340615,17995865744687,17995862019533,17995904747764,17995861041995,
0,12037718,17995794442565,17995816469553,0,17995825533302,17995825535533,17995826007225,17995826194302,17995816567170,17995825525610,11013494,17995827059533,17995862136072,17995862492687,17995898180764,17995902932456,33462,361462,17995902932456,17995899154918,17995926791225,17995898180764,
0,12037747,17995827464169,17995860503172,0,17995862907148,17995862911533,17995863607456,17995863940456,17995849588281,17995862896456,11013001,17995866092764,17995899259764,17995899560456,17995936473610,17995941652764,33231,353154,17995941652764,17995937461995,17995959818533,17995936473610,
0,12037783,17995871499381,17995893524441,0,17995900176072,17995900180072,17995900962918,17995901420072,17995893623022,17995900163225,11012530,17995903129687,17995937567149,17995937891764,17995974002533,17995979329918,27461,316539,17995979329918,17995974900456,17996003848149,17995974002533,
0,12037812,17995904549085,17995937586891,0,17995941131225,17995941136687,17995942542841,17995943406533,17995926672798,17995941115841,11012602,17995945179456,17995975036149,17995975344379,17996011558610,17996016732072,28846,572615,17996016732072,17996013121072,17991466005610,17996011558610,
0,12037848,17995948594014,17995970618828,0,17995978880456,17995978886302,17995980133995,17995980670610,17995970717532,17995978865918,11012407,17995982462225,17996013329687,17996014120379,17996050043764,17996055230841,39308,332846,17996055230841,17996050896072,17991499060456,17996050043764,
0,12037877,17995981627387,17996003651761,0,17996014588379,17996014590533,17996014981379,17996015141918,17996003750685,17996014582302,11012187,17996015681610,17996051027764,17996051326918,17996086341610,17996091357379,27000,360923,17996091357379,17996087300149,17991543271841,17996086341610,
0,12037906,17996014688923,17996047727989,0,17996051649687,17996051651841,17996060806918,17996061053302,17996025800034,17996051644149,11013022,17996062106841,17996087431841,17996087761995,17996123654302,17996128501072,23308,393000,17996128501072,17996124769610,17991576168379,17996123654302,
---PROFILEDATA---


	PopupWindow:354efe0/android.view.ViewRootImpl@1c18d6a (visibility=0)
Window: PopupWindow:354efe0
Stats since: 17989568655764ns
Total frames rendered: 0
Janky frames: 0 (0.00%)
Janky frames (legacy): 0 (0.00%)
50th percentile: 4950ms
90th percentile: 4950ms
95th percentile: 4950ms
99th percentile: 4950ms
Number Missed Vsync: 0
Number High input latency: 0
Number Slow UI thread: 0
Number Slow bitmap uploads: 0
Number Slow issue draw commands: 0
Number Frame deadline missed: 0
Number Frame deadline missed (legacy): 0
HISTOGRAM: 5ms=0 6ms=0 7ms=0 8ms=0 9ms=0 10ms=0 11ms=0 12ms=0 13ms=0 14ms=0 15ms=0 16ms=0 17ms=0 18ms=0 19ms=0 20ms=0 21ms=0 22ms=0 23ms=0 24ms=0 25ms=0 26ms=0 27ms=0 28ms=0 29ms=0 30ms=0 31ms=0 32ms=0 34ms=0 36ms=0 38ms=0 40ms=0 42ms=0 44ms=0 46ms=0 48ms=0 53ms=0 57ms=0 61ms=0 65ms=0 69ms=0 73ms=0 77ms=0 81ms=0 85ms=0 89ms=0 93ms=0 97ms=0 101ms=0 105ms=0 109ms=0 113ms=0 117ms=0 121ms=0 125ms=0 129ms=0 133ms=0 150ms=0 200ms=0 250ms=0 300ms=0 350ms=0 400ms=0 450ms=0 500ms=0 550ms=0 600ms=0 650ms=0 700ms=0 750ms=0 800ms=0 850ms=0 900ms=0 950ms=0 1000ms=0 1050ms=0 1100ms=0 1150ms=0 1200ms=0 1250ms=0 1300ms=0 1350ms=0 1400ms=0 1450ms=0 1500ms=0 1550ms=0 1600ms=0 1650ms=0 1700ms=0 1750ms=0 1800ms=0 1850ms=0 1900ms=0 1950ms=0 2000ms=0 2050ms=0 2100ms=0 2150ms=0 2200ms=0 2250ms=0 2300ms=0 2350ms=0 2400ms=0 2450ms=0 2500ms=0 2550ms=0 2600ms=0 2650ms=0 2700ms=0 2750ms=0 2800ms=0 2850ms=0 2900ms=0 2950ms=0 3000ms=0 3050ms=0 3100ms=0 3150ms=0 3200ms=0 3250ms=0 3300ms=0 3350ms=0 3400ms=0 3450ms=0 3500ms=0 3550ms=0 3600ms=0 3650ms=0 3700ms=0 3750ms=0 3800ms=0 3850ms=0 3900ms=0 3950ms=0 4000ms=0 4050ms=0 4100ms=0 4150ms=0 4200ms=0 4250ms=0 4300ms=0 4350ms=0 4400ms=0 4450ms=0 4500ms=0 4550ms=0 4600ms=0 4650ms=0 4700ms=0 4750ms=0 4800ms=0 4850ms=0 4900ms=0 4950ms=0
50th gpu percentile: 4950ms
90th gpu percentile: 4950ms
95th gpu percentile: 4950ms
99th gpu percentile: 4950ms
GPU HISTOGRAM: 1ms=0 2ms=0 3ms=0 4ms=0 5ms=0 6ms=0 7ms=0 8ms=0 9ms=0 10ms=0 11ms=0 12ms=0 13ms=0 14ms=0 15ms=0 16ms=0 17ms=0 18ms=0 19ms=0 20ms=0 21ms=0 22ms=0 23ms=0 24ms=0 25ms=0 4950ms=0



---PROFILEDATA---
Flags,FrameTimelineVsyncId,IntendedVsync,Vsync,InputEventId,HandleInputStart,AnimationStart,PerformTraversalsStart,DrawStart,FrameDeadline,FrameInterval,FrameStartTime,SyncQueued,SyncStart,IssueDrawCommandsStart,SwapBuffers,FrameCompleted,DequeueBufferDuration,QueueBufferDuration,GpuCompleted,SwapBuffersCompleted,DisplayPresentTime,CommandSubmissionCompleted,
---PROFILEDATA---


View hierarchy:

  com.anonymous.ecobudmobile/com.anonymous.ecobudmobile.MainActivity/android.view.ViewRootImpl@40e0c46
  190 views, 376.31 kB of render nodes

  PopupWindow:354efe0/android.view.ViewRootImpl@1c18d6a
  4 views, 7.41 kB of render nodes


Total ViewRootImpl   : 2
Total attached Views : 194
Total RenderNode     : 383.73 kB (used) / 1284.09 kB (capacity)

  ProcessConfig={1.1 ?mcc?mnc [en_PH] ldltr sw411dp w411dp h833dp 280dpi nrml long port night finger -keyb/v/h -nav/h winConfig={ mBounds=Rect(0, 0 - 720, 1600) mAppBounds=Rect(0, 58 - 720, 1516) mMaxBounds=Rect(0, 0 - 720, 1600) mDisplayRotation=ROTATION_0 mWindowingMode=fullscreen mDisplayWindowingMode=fullscreen mActivityType=undefined mAlwaysOnTop=undefined mRotation=ROTATION_0 mPopOver=off mStageConfig=undefined mFreeformTaskPinningState=unpinned mFreeformStashState=undefined} as.2 s.53 fontWeightAdjustment=0 ff=0 bf=0 bts=0 themeSeq=0 nightDim=0}
  Application ResourcesConfig={1.1 ?mcc?mnc [en_PH] ldltr sw411dp w411dp h833dp 280dpi nrml long port night finger -keyb/v/h -nav/h winConfig={ mBounds=Rect(0, 0 - 720, 1600) mAppBounds=Rect(0, 58 - 720, 1516) mMaxBounds=Rect(0, 0 - 720, 1600) mDisplayRotation=ROTATION_0 mWindowingMode=fullscreen mDisplayWindowingMode=fullscreen mActivityType=undefined mAlwaysOnTop=undefined mRotation=ROTATION_0 mPopOver=off mStageConfig=undefined mFreeformTaskPinningState=unpinned mFreeformStashState=undefined} as.2 s.53 fontWeightAdjustment=0 ff=0 bf=0 bts=0 themeSeq=0 nightDim=0}
