Applications Graphics Acceleration Info:
Uptime: 18414933 Realtime: 19799292

** Graphics info for pid 26678 [com.anonymous.ecobudmobile] **

Stats since: 18408992544789ns
Total frames rendered: 451
Janky frames: 446 (98.89%)
Janky frames (legacy): 446 (98.89%)
50th percentile: 28ms
90th percentile: 34ms
95th percentile: 36ms
99th percentile: 42ms
Number Missed Vsync: 76
Number High input latency: 364
Number Slow UI thread: 287
Number Slow bitmap uploads: 0
Number Slow issue draw commands: 446
Number Frame deadline missed: 446
Number Frame deadline missed (legacy): 92
HISTOGRAM: 5ms=0 6ms=0 7ms=0 8ms=0 9ms=0 10ms=0 11ms=0 12ms=0 13ms=0 14ms=2 15ms=2 16ms=2 17ms=4 18ms=4 19ms=4 20ms=7 21ms=19 22ms=20 23ms=24 24ms=25 25ms=28 26ms=41 27ms=43 28ms=36 29ms=33 30ms=25 31ms=30 32ms=44 34ms=23 36ms=16 38ms=7 40ms=5 42ms=5 44ms=2 46ms=0 48ms=0 53ms=0 57ms=0 61ms=0 65ms=0 69ms=0 73ms=0 77ms=0 81ms=0 85ms=0 89ms=0 93ms=0 97ms=0 101ms=0 105ms=0 109ms=0 113ms=0 117ms=0 121ms=0 125ms=0 129ms=0 133ms=0 150ms=0 200ms=0 250ms=0 300ms=0 350ms=0 400ms=0 450ms=0 500ms=0 550ms=0 600ms=0 650ms=0 700ms=0 750ms=0 800ms=0 850ms=0 900ms=0 950ms=0 1000ms=0 1050ms=0 1100ms=0 1150ms=0 1200ms=0 1250ms=0 1300ms=0 1350ms=0 1400ms=0 1450ms=0 1500ms=0 1550ms=0 1600ms=0 1650ms=0 1700ms=0 1750ms=0 1800ms=0 1850ms=0 1900ms=0 1950ms=0 2000ms=0 2050ms=0 2100ms=0 2150ms=0 2200ms=0 2250ms=0 2300ms=0 2350ms=0 2400ms=0 2450ms=0 2500ms=0 2550ms=0 2600ms=0 2650ms=0 2700ms=0 2750ms=0 2800ms=0 2850ms=0 2900ms=0 2950ms=0 3000ms=0 3050ms=0 3100ms=0 3150ms=0 3200ms=0 3250ms=0 3300ms=0 3350ms=0 3400ms=0 3450ms=0 3500ms=0 3550ms=0 3600ms=0 3650ms=0 3700ms=0 3750ms=0 3800ms=0 3850ms=0 3900ms=0 3950ms=0 4000ms=0 4050ms=0 4100ms=0 4150ms=0 4200ms=0 4250ms=0 4300ms=0 4350ms=0 4400ms=0 4450ms=0 4500ms=0 4550ms=0 4600ms=0 4650ms=0 4700ms=0 4750ms=0 4800ms=0 4850ms=0 4900ms=0 4950ms=0
50th gpu percentile: 8ms
90th gpu percentile: 9ms
95th gpu percentile: 11ms
99th gpu percentile: 12ms
GPU HISTOGRAM: 1ms=0 2ms=0 3ms=0 4ms=6 5ms=11 6ms=54 7ms=109 8ms=142 9ms=95 10ms=8 11ms=21 12ms=5 13ms=0 14ms=0 15ms=0 16ms=0 17ms=0 18ms=0 19ms=0 20ms=0 21ms=0 22ms=0 23ms=0 24ms=0 25ms=0 4950ms=0

Pipeline=Skia (OpenGL)
CPU Caches:
  Glyph Cache: 1.28 MB (1 entry)
  skia/sk_resource_cache/mipmap_0xb4000079b08eb9a0: 15.45 KB (1 entry)
  Glyph Count: 319 
Total CPU memory usage:
  1361957 bytes, 1.30 MB (0.00 bytes is purgeable)
GPU Caches:
  Other:
    Other: 27.49 KB (1 entry)
    Buffer Object: 2.05 KB (2 entries)
  Image:
    Texture: 40.27 MB (17 entries)
  Scratch:
    RenderTarget: 4.81 MB (3 entries)
    Texture: 4.00 MB (3 entries)
    Buffer Object: 78.00 KB (2 entries)
Total GPU memory usage:
  51581948 bytes, 49.19 MB (258.11 KB is purgeable)

Profile data in ms:

	com.anonymous.ecobudmobile/com.anonymous.ecobudmobile.MainActivity/android.view.ViewRootImpl@ea9ec16 (visibility=0)
Window: com.anonymous.ecobudmobile/com.anonymous.ecobudmobile.MainActivity
Stats since: 18408992543250ns
Total frames rendered: 451
Janky frames: 446 (98.89%)
Janky frames (legacy): 446 (98.89%)
50th percentile: 28ms
90th percentile: 34ms
95th percentile: 36ms
99th percentile: 42ms
Number Missed Vsync: 76
Number High input latency: 364
Number Slow UI thread: 287
Number Slow bitmap uploads: 0
Number Slow issue draw commands: 446
Number Frame deadline missed: 446
Number Frame deadline missed (legacy): 92
HISTOGRAM: 5ms=0 6ms=0 7ms=0 8ms=0 9ms=0 10ms=0 11ms=0 12ms=0 13ms=0 14ms=2 15ms=2 16ms=2 17ms=4 18ms=4 19ms=4 20ms=7 21ms=19 22ms=20 23ms=24 24ms=25 25ms=28 26ms=41 27ms=43 28ms=36 29ms=33 30ms=25 31ms=30 32ms=44 34ms=23 36ms=16 38ms=7 40ms=5 42ms=5 44ms=2 46ms=0 48ms=0 53ms=0 57ms=0 61ms=0 65ms=0 69ms=0 73ms=0 77ms=0 81ms=0 85ms=0 89ms=0 93ms=0 97ms=0 101ms=0 105ms=0 109ms=0 113ms=0 117ms=0 121ms=0 125ms=0 129ms=0 133ms=0 150ms=0 200ms=0 250ms=0 300ms=0 350ms=0 400ms=0 450ms=0 500ms=0 550ms=0 600ms=0 650ms=0 700ms=0 750ms=0 800ms=0 850ms=0 900ms=0 950ms=0 1000ms=0 1050ms=0 1100ms=0 1150ms=0 1200ms=0 1250ms=0 1300ms=0 1350ms=0 1400ms=0 1450ms=0 1500ms=0 1550ms=0 1600ms=0 1650ms=0 1700ms=0 1750ms=0 1800ms=0 1850ms=0 1900ms=0 1950ms=0 2000ms=0 2050ms=0 2100ms=0 2150ms=0 2200ms=0 2250ms=0 2300ms=0 2350ms=0 2400ms=0 2450ms=0 2500ms=0 2550ms=0 2600ms=0 2650ms=0 2700ms=0 2750ms=0 2800ms=0 2850ms=0 2900ms=0 2950ms=0 3000ms=0 3050ms=0 3100ms=0 3150ms=0 3200ms=0 3250ms=0 3300ms=0 3350ms=0 3400ms=0 3450ms=0 3500ms=0 3550ms=0 3600ms=0 3650ms=0 3700ms=0 3750ms=0 3800ms=0 3850ms=0 3900ms=0 3950ms=0 4000ms=0 4050ms=0 4100ms=0 4150ms=0 4200ms=0 4250ms=0 4300ms=0 4350ms=0 4400ms=0 4450ms=0 4500ms=0 4550ms=0 4600ms=0 4650ms=0 4700ms=0 4750ms=0 4800ms=0 4850ms=0 4900ms=0 4950ms=0
50th gpu percentile: 8ms
90th gpu percentile: 9ms
95th gpu percentile: 11ms
99th gpu percentile: 12ms
GPU HISTOGRAM: 1ms=0 2ms=0 3ms=0 4ms=6 5ms=11 6ms=54 7ms=109 8ms=142 9ms=95 10ms=8 11ms=21 12ms=5 13ms=0 14ms=0 15ms=0 16ms=0 17ms=0 18ms=0 19ms=0 20ms=0 21ms=0 22ms=0 23ms=0 24ms=0 25ms=0 4950ms=0



---PROFILEDATA---
Flags,FrameTimelineVsyncId,IntendedVsync,Vsync,InputEventId,HandleInputStart,AnimationStart,PerformTraversalsStart,DrawStart,FrameDeadline,FrameInterval,FrameStartTime,SyncQueued,SyncStart,IssueDrawCommandsStart,SwapBuffers,FrameCompleted,DequeueBufferDuration,QueueBufferDuration,GpuCompleted,SwapBuffersCompleted,DisplayPresentTime,CommandSubmissionCompleted,
0,12481585,18413256075898,18413256075898,-340177628,18413259293635,18413260270020,18413261062635,18413261154020,18413278200236,18413259290943,11013227,18413261509020,18413275583481,18413275907866,18413287849327,18413296173404,6735923,400846,18413296173404,18413288800789,18413311323173,18413287849327,
0,12481600,18413267089125,18413267089125,-634651328,18413276191250,18413277153404,18413278231481,18413278325327,18413289213463,18413276189020,11013227,18413278694866,18413288910558,18413289264173,18413300331558,18413308845327,6342769,375615,18413308845327,18413301360481,18413333346558,18413300331558,
0,12481615,18413278137237,18413289152394,-131223777,18413289669635,18413291723789,18413292821404,18413293017635,18413300263505,18413289659173,11015157,18413293770250,18413301471789,18413301821020,18413314516481,18413322846943,7343923,421769,18413322846943,18413315588404,18413344363866,18413314516481,
0,12481637,18413300138767,18413300138767,-843922054,18413302086943,18413302888481,18413304089096,18413304324404,18413322263518,18413302084481,11013640,18413304965020,18413315704404,18413316076481,18413328282327,18413336700404,7967000,410692,18413336700404,18413329266020,18413355400712,18413328282327,
0,12481652,18413311156256,18413311156256,-544007376,18413316351866,18413317110250,18413317835481,18413317931558,18413333281514,18413316349327,11014147,18413318297943,18413329381404,18413329717635,18413341098327,18413349791789,6521616,496000,18413349791789,18413342283250,18413366367173,18413341098327,
0,12481667,18413322170403,18413322170403,-142353240,18413330097096,18413332197020,18413332987789,18413333083558,18413344295661,18413330093096,11014147,18413333512404,18413342425327,18413342819173,18413355080789,18413363840096,7153846,424000,18413363840096,18413356330327,18413388406327,18413355080789,
0,12481682,18413333179939,18413333179939,0,18413343143250,18413343246943,18413343873096,18413344128481,18413355305018,18413343139866,11013968,18413344835558,18413356438327,18413356784481,18413368493404,18413377154866,7419308,435461,18413377154866,18413369665712,18413399403558,18413368493404,
0,12481697,18413344185625,18413355199096,-127101837,18413357028096,18413358020789,18413358278250,18413358435481,18413366310207,18413357019789,11013471,18413360195481,18413369786020,18413370207173,18413388188481,18413396978558,11445538,569769,18413396978558,18413389582327,18413421441712,18413388188481,
0,12481719,18413366213035,18413366213035,-723804228,18413370435789,18413371841096,18413372893096,18413373129404,18413388337745,18413370433020,11013599,18413374986327,18413389727789,18413390300173,18413405009096,18413413426327,8423615,563692,18413413426327,18413406484789,18413432445404,18413405009096,
0,12481734,18413377226634,18413388240233,-1042895044,18413390667481,18413392528789,18413393564096,18413393689096,18413399351344,18413390655250,11013599,18413394229096,18413406638635,18413407190327,18413422118250,18413430429096,8921846,479923,18413430429096,18413423562558,18413454467481,18413422118250,
0,12481756,18413399234463,18413399234463,-897485684,18413407718943,18413410047558,18413410947481,18413411205327,18413421358031,18413407715481,11012457,18413412689404,18413423701404,18413424340096,18413438507173,18413447172173,7890769,637461,18413447172173,18413440274327,18413476495250,18413438507173,
0,12481771,18413410246920,18413421259377,-653222969,18413424839789,18413426675789,18413427586250,18413427814943,18413432370488,18413424830866,11012457,18413428851866,18413440480173,18413441177943,18413456216404,18413464539173,9139692,535693,18413464539173,18413457708712,18413487735866,18413456216404,
0,12481793,18413432253742,18413432253742,-839537437,18413441845096,18413444635250,18413445554635,18413445780789,18413454376122,18413441839250,11011269,18413447765712,18413457868173,18413458555558,18413476058327,18413484433712,11551385,524231,18413484433712,18413477759250,18413509536173,18413476058327,
0,12481815,18413454266945,18413454266945,-992672711,18413459116096,18413461507173,18413462406327,18413462640712,18413476388622,18413459112481,11010566,18413464187789,18413478068712,18413478962327,18413495694250,18413503385635,10753461,336000,18413503385635,18413496560096,18413520514943,18413495694250,
0,12481830,18413465277511,18413476288077,-533011690,18413479522635,18413481409327,18413483185712,18413483350943,18413487399188,18413479512404,11010566,18413483943481,18413496666327,18413497040173,18413506910866,18413515516481,5620692,549538,18413515516481,18413508623173,18413531536096,18413506910866,
0,12481852,18413487293093,18413498303180,-709845521,18413498908481,18413498926943,18413499663250,18413499745635,18413509414291,18413498897020,11010087,18413500118020,18413508764789,18413509171481,18413520606943,18413528394020,7222231,389231,18413528394020,18413521757635,18413542533635,18413520606943,
0,12481875,18413509367335,18413509367335,0,18413510057712,18413510058866,18413510538327,18413510698943,18413531490850,18413510054327,11012404,18413512707789,18413521877020,18413522244481,18413533035866,18413540996096,6178385,668692,18413540996096,18413534666866,18413564539481,18413533035866,
0,12481889,18413520386321,18413520386321,0,18413522519789,18413522521327,18413523089327,18413523227866,18413542510585,18413522515250,11013153,18413524931558,18413534841327,18413535707173,18413547189943,18413554893327,6778231,484615,18413554893327,18413548225327,18413575587789,18413547189943,
0,12481904,18413531384049,18413531384049,0,18413535883789,18413535884404,18413536742250,18413536838020,18413553507587,18413535881327,11012427,18413537477096,18413548345712,18413548732404,18413559215250,18413566950020,6104307,496077,18413566950020,18413560349943,18413586600404,18413559215250,
0,12481919,18413542383515,18413542383515,0,18413549152789,18413549154635,18413551185096,18413551320404,18413564506318,18413549145635,11011692,18413553064789,18413560480404,18413560861327,18413572594866,18413581156173,6292846,657230,18413581156173,18413574217712,18413597582327,18413572594866,
0,12481934,18413553395207,18413553395207,0,18413561114020,18413561114866,18413561918635,18413562002558,18413575518010,18413561111558,11011692,18413564146558,18413574401020,18413574990250,18413588604096,18413596330866,8093847,430769,18413596330866,18413589610943,18413619587866,18413588604096,
0,12481949,18413564394079,18413564394079,0,18413575343481,18413575344404,18413576873635,18413577018943,18413586516220,18413575337404,11011030,18413577669020,18413589733096,18413590154020,18413602529327,18413613300712,6261923,408923,18413613300712,18413603485943,18413630620789,18413602529327,
0,12481971,18413586414794,18413586414794,0,18413590394866,18413590395558,18413591362327,18413591609635,18413608537344,18413590392404,11011439,18413592842558,18413603605020,18413603980404,18413618676712,18413629261635,8178539,383385,18413629261635,18413619628481,18413652629327,18413618676712,
0,12481986,18413597419469,18413597419469,0,18413604274327,18413604275173,18413604657635,18413604763558,18413619541528,18413604271789,11010948,18413605642943,18413619749712,18413620205404,18413631481020,18413639753712,6137462,412693,18413639753712,18413632430866,18413663638250,18413631481020,
0,12482001,18413608430417,18413619441365,0,18413620385020,18413620385635,18413621564481,18413621762943,18413630552476,18413620375250,11010948,18413622923481,18413632552712,18413632939558,18413648346327,18413654318866,10430538,396923,18413654318866,18413649226558,18413674665943,18413648346327,
0,12482023,18413630431494,18413630431494,0,18413633180096,18413633180712,18413633978635,18413634065943,18413652552486,18413633177404,11009881,18413634763481,18413649344173,18413649725020,18413662049096,18413667978250,6527615,370462,18413667978250,18413662900096,18413685678943,18413662049096,
0,12482038,18413641441375,18413641441375,0,18413649961943,18413649962635,18413650892096,18413651085327,18413663562367,18413649959250,11009881,18413652254635,18413663017327,18413663400096,18413674912173,18413681352789,6433846,424692,18413681352789,18413675912404,18413707694020,18413674912173,
0,12482053,18413652445714,18413663455242,0,18413663676789,18413663677712,18413665105404,18413665339173,18413674566353,18413663667173,11009528,18413666186327,18413676087481,18413676513943,18413689775866,18413695816173,7065462,391077,18413695816173,18413690706558,18413718698943,18413689775866,
0,12482075,18413674455219,18413674455219,0,18413677149404,18413677152481,18413679802250,18413679957712,18413696575355,18413677142943,11009025,18413680820789,18413690829635,18413691209096,18413703788712,18413710550020,7274847,375923,18413710550020,18413704694250,18413729768481,18413703788712,
0,12482090,18413685459986,18413685459986,0,18413691473327,18413691474020,18413692209096,18413692294020,18413707579700,18413691470866,11008603,18413692701943,18413704813712,18413705199558,18413718095866,18413724478250,6739385,421847,18413724478250,18413719032404,18413751765020,18413718095866,
0,12482105,18413696468589,18413696468589,0,18413705513943,18413705514635,18413705848789,18413705939481,18413718588303,18413705510866,11008603,18413706331866,18413719149096,18413719567789,18413731759866,18413738143173,6419462,343769,18413738143173,18413732803250,18413762739558,18413731759866,
0,12482120,18413707476260,18413718484681,0,18413719754250,18413719754943,18413720157635,18413720241635,18413729595792,18413719743558,11008421,18413720599481,18413732917635,18413733260712,18413747725404,18413755271789,9350769,580923,18413755271789,18413749101635,18413773763789,18413747725404,
0,12482142,18413729487379,18413729487379,0,18413733521404,18413733522635,18413734034250,18413734162020,18413751606267,18413733517404,11007777,18413734835789,18413749281096,18413750342250,18413761256789,18413768382020,5449847,325000,18413768382020,18413762088096,18413784770020,18413761256789,
0,12482157,18413740495156,18413740495156,0,18413750692712,18413750693712,18413751556712,18413751810635,18413762614044,18413750681096,11007777,18413752300712,18413762200404,18413762544481,18413774557020,18413781640096,6474461,352693,18413781640096,18413775490558,18413806830635,18413774557020,
0,12482172,18413751513225,18413762521290,0,18413763338020,18413763339173,18413764295250,18413764667558,18413773632401,18413763324173,11008065,18413765488096,18413775618943,18413776098558,18413787544173,18413793875866,7003461,348846,18413793875866,18413789313712,18413817816789,18413787544173,
0,12482194,18413773532896,18413773532896,-197712477,18413780153404,18413780157712,18413780778635,18413780885020,18413795651931,18413780145404,11007924,18413781341096,18413789418635,18413789764789,18413800775250,18413806281020,6916615,367615,18413806281020,18413801897020,18413828867173,18413800775250,
0,12482209,18413784573881,18413784573881,0,18413789996096,18413790083250,18413790513635,18413790606250,18413806695686,18413789992789,11010694,18413790966635,18413802005096,18413802353020,18413813488173,18413819515789,6942154,408923,18413819515789,18413814777943,18413839811481,18413813488173,
0,12482224,18413795584575,18413795584575,-461897551,18413802563481,18413803513096,18413803802635,18413804105404,18413817706380,18413802560789,11010694,18413804819250,18413814906866,18413815306020,18413827243173,18413833278020,6948847,341923,18413833278020,18413828774635,18413861880173,18413827243173,
0,12482239,18413806598157,18413806598157,0,18413815557327,18413815652789,18413816442020,18413816534943,18413828720249,18413815554020,11010981,18413816801712,18413828912712,18413829366635,18413840464404,18413844694020,7061000,343154,18413844694020,18413841437943,18413872838327,18413840464404,
0,12482254,18413817616606,18413828627969,-929145499,18413829759481,18413831206558,18413832156096,18413832472173,18413839739080,18413829746327,11011363,18413833221712,18413841559558,18413841939250,18413857115866,18413863293712,10726538,512616,18413863293712,18413858338020,18413883892789,18413857115866,
0,12482276,18413839650430,18413839650430,-777354308,18413842169020,18413842927866,18413843650866,18413843739481,18413861773566,18413842166250,11012025,18413844124096,18413858495250,18413858915250,18413870581096,18413876571173,7092539,415692,18413876571173,18413871713943,18413894857096,18413870581096,
0,12482291,18413850662455,18413850662455,-944208349,18413859216712,18413860484789,18413862033020,18413862236789,18413872785591,18413859213020,11012025,18413862600096,18413871828404,18413872269096,18413883167558,18413889490943,6611692,599769,18413889490943,18413884606020,18413916940404,18413883167558,
0,12482306,18413861665253,18413861665253,0,18413872615481,18413872774943,18413874105943,18413874389712,18413883787894,18413872611789,11011530,18413875210635,18413884762635,18413885274020,18413898081635,18413903814327,7930154,397539,18413903814327,18413899030327,18413927926635,18413898081635,
0,12482321,18413872683489,18413883695477,-658401985,18413885710943,18413888669020,18413888989327,18413889203481,18413894806588,18413885695866,11011988,18413889720404,18413899141327,18413899529327,18413912659558,18413918823558,7653000,472385,18413918823558,18413913817635,18413949903789,18413912659558,
0,12482343,18413894703463,18413894703463,-840211319,18413899752173,18413900579250,18413901290943,18413901380404,18413916826545,18413899749712,11011971,18413901757635,18413913969712,18413914409327,18413927683173,18413936633635,7551000,469923,18413936633635,18413931359789,18413960944481,18413927683173,
0,12482358,18413905715434,18413905715434,-88567236,18413914722943,18413915799173,18413917448789,18413917649404,18413927838516,18413914719866,11011971,18413918026866,18413931497635,18413931882943,18413943785712,18413950152712,8449847,386153,18413950152712,18413945030866,18413971914943,18413943785712,
0,12482373,18413916715435,18413927726735,-663305642,18413932565327,18413934042250,18413935569404,18413936391558,18413938837846,18413932554558,11011300,18413936780712,18413945140481,18413945474866,18413956251481,18413962979558,5874539,379616,18413962979558,18413957496481,18413982978250,18413956251481,
0,12482395,18413938744021,18413938744021,0,18413945723250,18413945809404,18413946390943,18413946476789,18413960866720,18413945720712,11011588,18413946757020,18413957618327,18413958009943,18413969484173,18413976428173,7324616,391307,18413976428173,18413970555558,18413993990635,18413969484173,
0,12482410,18413949752683,18413949752683,-1051093116,18413958262943,18413959412173,18413959690635,18413960165404,18413971875176,18413958260481,11011382,18413960921327,18413970677943,18413971063789,18413983327558,18413990062327,7302462,417846,18413990062327,18413984269020,18414015978635,18413983327558,
0,12482425,18413960750197,18413960750197,0,18413971392173,18413972254943,18413973430866,18413973687481,18413982871906,18413971388096,11010598,18413974206327,18413984373404,18413984697712,18413995933096,18414002713404,6700077,399077,18414002713404,18413997265943,18414026982635,18413995933096,
0,12482447,18413982757127,18413982757127,-804748364,18413984913404,18413985749020,18413986009635,18413986159481,18414004878015,18413984910943,11009777,18413986697712,18413997394635,18413997758250,18414010030635,18414017048481,8588231,445231,18414017048481,18414011200789,18414037984404,18414010030635,
0,12482462,18413993768074,18413993768074,-423225587,18413997959173,18413998680404,18413999391250,18413999480789,18414015888907,18413997956481,11009722,18413999860789,18414011323250,18414011693943,18414023827866,18414031322635,7740616,434538,18414031322635,18414025105712,18414049060712,18414023827866,
0,12482477,18414004777796,18414004777796,-985752520,18414011963481,18414012945327,18414013845096,18414014191866,18414026898629,18414011960789,11009722,18414014840096,18414025224712,18414025581943,18414037286635,18414045402866,6576539,481615,18414045402866,18414038503481,18414071012712,18414037286635,
0,12482492,18414015787697,18414015787697,0,18414025851250,18414025933096,18414026688789,18414026769712,18414037908386,18414025848173,11009578,18414027147481,18414038619866,18414038973404,18414051753712,18414059109943,8039769,341923,18414059109943,18414052816789,18414082041943,18414051753712,
0,12482507,18414026798402,18414037808180,-268875265,18414039214866,18414041454558,18414042409404,18414042619250,18414048919291,18414039204789,11009778,18414043187789,18414052933635,18414053277327,18414066217327,18414073689096,8637000,424385,18414073689096,18414067170943,18414093034558,18414066217327,
0,12482529,18414048806404,18414048806404,-523972866,18414053507173,18414054243558,18414054900712,18414054988173,18414070926604,18414053504712,11009089,18414055309712,18414067282327,18414067627866,18414079253943,18414087694866,7250385,471077,18414087694866,18414081103866,18414104156789,18414079253943,
0,12482544,18414059815493,18414059815493,-314462067,18414067890250,18414068705327,18414069817635,18414070009712,18414081935693,18414067887481,11009089,18414070536712,18414081240481,18414081638943,18414093014250,18414100463173,6837231,369846,18414100463173,18414094014020,18414126068097,18414093014250,
0,12482559,18414070832762,18414081842152,-628518738,18414081969404,18414083104097,18414084805020,18414084898558,18414092953263,18414081957943,11009390,18414085267789,18414094130250,18414094484173,18414105519866,18414111771866,6386538,528615,18414111771866,18414107333712,18414137102943,18414105519866,
0,12482581,18414092845030,18414092845030,-870793163,18414094746866,18414096262943,18414097440097,18414097610327,18414114965181,18414094744404,11009040,18414097998327,18414107488712,18414107993327,18414124856481,18414132709943,12878154,433769,18414132709943,18414126009020,18414159159866,18414124856481,
0,12482596,18414103850121,18414103850121,-539919748,18414108650558,18414110902635,18414112649712,18414112785097,18414125970033,18414108645635,11008801,18414113275173,18414126208712,18414126630558,18414138447789,18414144854943,6897615,451384,18414144854943,18414139892481,18414170162327,18414138447789,
0,12482611,18414114858922,18414125867723,-299982015,18414126943558,18414127871250,18414129503558,18414129594020,18414136978834,18414126934327,11008801,18414129961097,18414140096789,18414140505712,18414155854020,18414164416404,11429000,507077,18414164416404,18414157210635,18414181109635,18414155854020,
0,12482633,18414136896354,18414136896354,-1057566257,18414140829712,18414142038635,18414143247558,18414143425020,18414159017247,18414140826327,11009782,18414144119173,18414157370327,18414157769404,18414170304712,18414178259481,7544923,380616,18414178259481,18414171458558,18414203121943,18414170304712,
0,12482648,18414147906136,18414147906136,-416957141,18414158078635,18414158958020,18414160962558,18414161145020,18414170027029,18414158075173,11009782,18414161745327,18414171604097,18414171960481,18414184720789,18414192391789,8521769,358077,18414192391789,18414185846250,18414214151173,18414184720789,
0,12482663,18414158920604,18414169930747,-1014436288,18414172344789,18414173334866,18414174236481,18414174343173,18414181041858,18414172334558,11010143,18414174863789,18414185962866,18414186288481,18414197279481,18414204870558,6516846,386769,18414204870558,18414198616404,18414225157943,18414197279481,
0,12482685,18414180955746,18414180955746,-660261981,18414187942020,18414187961712,18414189212789,18414189324712,18414203077758,18414187937020,11010901,18414189687558,18414198784789,18414199133327,18414209178327,18414217413635,5660923,797000,18414217413635,18414211295789,18414236155866,18414209178327,
0,12482700,18414191966647,18414191966647,0,18414199506943,18414199508097,18414199773020,18414199849404,18414214088659,18414199504173,11010901,18414200998020,18414211441327,18414211883250,18414222458558,18414229998635,6639000,355077,18414229998635,18414223545020,18414247175866,18414222458558,
0,12482715,18414202964218,18414202964218,0,18414212368789,18414212371250,18414213529404,18414213866635,18414225085498,18414212362866,11010169,18414215632173,18414223662558,18414223986327,18414234134943,18414241612173,6376385,364539,18414241612173,18414235252404,18414258238866,18414234134943,
0,12482730,18414213969455,18414213969455,0,18414224210635,18414224211250,18414224952097,18414225032481,18414236090685,18414224208481,11010119,18414227994250,18414235361943,18414235698250,18414246476173,18414254074327,6999076,433230,18414254074327,18414247732481,18414269179866,18414246476173,
0,12482745,18414224977553,18414235987666,0,18414236186558,18414236187558,18414237047558,18414237138635,18414247098777,18414236177404,11010113,18414237518635,18414247859173,18414248330020,18414258988173,18414269918250,6052693,386461,18414269918250,18414259893943,18414291230020,18414258988173,
0,12482767,18414246984208,18414246984208,0,18414248869712,18414248870943,18414250160481,18414250443173,18414269104661,18414248864481,11009342,18414251489712,18414260037020,18414260388173,18414273789404,18414284814250,8904000,357539,18414284814250,18414274694866,18414302220097,18414273789404,
0,12482782,18414257986202,18414257986202,0,18414260687173,18414260688097,18414260971558,18414261062943,18414280106064,18414260684789,11008751,18414261369404,18414274825943,18414275213635,18414287601943,18414298438020,7326077,338077,18414298438020,18414288511481,18414313398558,18414287601943,
0,12482798,18414268994953,18414268994953,0,18414275582558,18414275584097,18414276531558,18414276682635,18414291115392,18414275578020,11009328,18414277833327,18414288627250,18414288989327,18414299408404,18414307805943,5930153,430692,18414307805943,18414300379866,18414324269020,18414299408404,
0,12482813,18414280014739,18414280014739,0,18414289173404,18414289174250,18414289496404,18414289576789,18414302135178,18414289170943,11009328,18414289929404,18414300509943,18414301099481,18414310147250,18414316742943,4260000,352615,18414316742943,18414311306327,18414335318250,18414310147250,
0,12482828,18414291020115,18414291020115,0,18414301640789,18414301644481,18414302290327,18414302738866,18414313140439,18414301632097,11009213,18414303402635,18414311419789,18414311801404,18414324652789,18414330469327,7241769,357231,18414330469327,18414325613327,18414357320712,18414324652789,
0,12482843,18414302028686,18414302028686,0,18414312348712,18414312351481,18414313936789,18414314309943,18414324148897,18414312342635,11009100,18414315658327,18414325733404,18414326069327,18414337500404,18414343934020,5978384,312539,18414343934020,18414338410250,18414368309635,18414337500404,
0,12482858,18414313032089,18414324040769,0,18414326435866,18414326437635,18414331947481,18414332221020,18414335151880,18414326425943,11008680,18414332818327,18414338527866,18414338896789,18414352845020,18414358871558,8565231,300539,18414358871558,18414353528404,18414379301097,18414352845020,
0,12482880,18414335084636,18414335084636,0,18414339108481,18414339109327,18414339428097,18414339513327,18414357206235,18414339105327,11010488,18414339866327,18414353630635,18414353935250,18414367109020,18414373406558,6883770,829846,18414373406558,18414368869327,18414401354558,18414367109020,
0,12482895,18414346095124,18414346095124,0,18414354101943,18414354102558,18414354392481,18414354466250,18414368216723,18414354099173,11010488,18414354771866,18414369018943,18414369864097,18414377017712,18414382234943,2556923,358462,18414382234943,18414378041327,18414412335481,18414377017712,
0,12482910,18414357109508,18414368120076,0,18414370049404,18414370050020,18414370422250,18414370503558,18414379231187,18414370041097,11010568,18414370857097,18414378174943,18414378597943,18414398544404,18414405505635,15573231,356000,18414405505635,18414399429635,18414423380481,18414398544404,
0,12482932,18414379126096,18414379126096,0,18414379833635,18414379837097,18414380577943,18414380787481,18414401247375,18414379821404,11010168,18414381543173,18414399547250,18414399907250,18414412161712,18414419462327,7746385,369462,18414419462327,18414413162327,18414445392173,18414412161712,
0,12482947,18414390136264,18414401146432,-989707635,18414403971866,18414403974866,18414404517020,18414404607481,18414412257543,18414403952481,11010168,18414404978558,18414413303866,18414413687789,18414425612789,18414432499481,6940231,337847,18414432499481,18414426582943,18414456421020,18414425612789,
0,12482969,18414412163841,18414412163841,-607146152,18414413937943,18414414949712,18414417091789,18414417182327,18414434285859,18414413935173,11010907,18414417663173,18414426691481,18414427056173,18414439530558,18414444726943,8585616,387385,18414444726943,18414440838020,18414467388404,18414439530558,
0,12482984,18414423169810,18414423169810,-132603673,18414427294327,18414428059866,18414428709404,18414428803789,18414445291630,18414427291866,11010709,18414429178327,18414440956481,18414441285712,18414452087481,18414457763481,6922154,416077,18414457763481,18414453615481,18414478414635,18414452087481,
0,12482999,18414434180519,18414434180519,-535246736,18414441549712,18414442276481,18414443236097,18414443476404,18414456302339,18414441546635,11010709,18414444096789,18414453733712,18414454062327,18414465832404,18414471452404,7410154,404077,18414471452404,18414467296712,18414500417327,18414465832404,
0,12483014,18414445200531,18414445200531,0,18414454307558,18414454387250,18414455033712,18414455134327,18414467323064,18414454305097,11011422,18414455516712,18414467436481,18414467783866,18414478206635,18414482163250,7072077,385616,18414482163250,18414479343558,18414511463481,18414478206635,
0,12483029,18414456217104,18414467229043,-489643476,18414468058943,18414468857097,18414469205943,18414469312173,18414478340154,18414467997020,11011939,18414469669404,18414479460173,18414479830327,18414495968481,18414501623558,12300000,400923,18414501623558,18414497009020,18414522452481,18414495968481,
0,12483051,18414478229925,18414478229925,-257680283,18414480136481,18414481123481,18414481817404,18414481909635,18414500352257,18414480133327,11011221,18414482275250,18414497122943,18414497457097,18414509545712,18414515786866,6960692,448076,18414515786866,18414511093020,18414533450327,18414509545712,
0,12483066,18414489241146,18414489241146,-81714564,18414497713020,18414498449097,18414499422327,18414499675481,18414511363478,18414497710327,11011221,18414500442866,18414511250250,18414511801943,18414523347558,18414529929943,7340000,461461,18414529929943,18414525150635,18414555519789,18414523347558,
0,12483081,18414500247695,18414511258637,-108879133,18414512350250,18414514499250,18414515346250,18414515494866,18414522369748,18414512337635,11010942,18414517045635,18414525273097,18414525709635,18414537621712,18414543845327,7441769,418539,18414543845327,18414538624173,18414566469020,18414537621712,
0,12483103,18414522258003,18414522258003,-292353712,18414525970866,18414526758635,18414527570250,18414527756712,18414544379229,18414525968404,11010115,18414528623481,18414538744789,18414539079481,18414551242250,18414557717404,7829538,524615,18414557717404,18414552494327,18414577494020,18414551242250,
0,12483118,18414533262459,18414533262459,-700229128,18414539353943,18414540397097,18414541337404,18414541655866,18414555383227,18414539350020,11009657,18414542471173,18414552659250,18414553106635,18414565313327,18414571362635,7458692,374769,18414571362635,18414566257020,18414588531789,18414565313327,
0,12483133,18414544272116,18414544272116,0,18414553438866,18414553558020,18414554419558,18414554531866,18414566392884,18414553434866,11009657,18414554923250,18414566379481,18414566742558,18414577264712,18414584792481,6277846,470692,18414584792481,18414579445635,18414610514327,18414577264712,
0,12483148,18414555280604,18414566290282,-631760402,18414566966635,18414568249404,18414568896173,18414569092097,18414577401393,18414566959173,11009678,18414569461712,18414579594943,18414580094943,18414592699558,18414599033712,7062462,436846,18414599033712,18414593749404,18414621549404,18414592699558,
0,12483170,18414577291319,18414577291319,-1038671600,18414580334020,18414581332404,18414582872173,18414583055173,18414599411256,18414580330943,11008826,18414583423481,18414593888173,18414594247250,18414605674020,18414612308404,7383769,374538,18414612308404,18414607056481,18414632574943,18414605674020,
0,12483185,18414588292692,18414588292692,-566416979,18414594659250,18414596485327,18414597694943,18414597846250,18414610411950,18414594654943,11008147,18414598537327,18414607188789,18414607605020,18414618458327,18414625263558,6201923,431692,18414625263558,18414619645712,18414643575789,18414618458327,
0,12483200,18414599300839,18414599300839,0,18414607880404,18414607974250,18414608670327,18414608793404,18414621420097,18414607877404,11008147,18414609347481,18414619783250,18414620201712,18414633816789,18414640726558,8454461,421846,18414640726558,18414634965712,18414665560481,18414633816789,
0,12483215,18414610330989,18414610330989,-838722934,18414620472481,18414621390635,18414621724097,18414621822943,18414632451878,18414620469712,11009778,18414622199250,18414635079173,18414635439173,18414647814866,18414655824481,6733231,612000,18414655824481,18414649367789,18414676602943,18414647814866,
0,12483230,18414621334933,18414632344360,-386746789,18414635668404,18414637573327,18414638550250,18414638679481,18414643455471,18414635657635,11009427,18414639190020,18414649589097,18414650192712,18414664885712,18414671731481,8829231,427077,18414671731481,18414665905943,18414698607481,18414664885712,
0,12483252,18414643367026,18414643367026,-754470303,18414650729097,18414652312712,18414654195558,18414654624173,18414665488443,18414650724173,11010306,18414655470558,18414666023866,18414666434943,18414679106866,18414685400712,7025538,640615,18414685400712,18414680931481,18414720607558,18414679106866,
0,12483267,18414654377332,18414665387638,-282977120,18414666712712,18414668319481,18414669402943,18414669575173,18414676498749,18414666704481,11010306,18414670842558,18414681209020,18414681872404,18414701313943,18414708993635,13501308,620616,18414708993635,18414703032712,18414731629097,18414701313943,
0,12483289,18414676389523,18414676389523,-25673577,18414682349943,18414683901404,18414685085712,18414685226635,18414698510388,18414682343173,11009754,18414685730943,18414703263789,18414703863558,18414715825404,18414722816712,7780384,359769,18414722816712,18414716850020,18414742717020,18414715825404,
0,12483304,18414687399277,18414698409031,-703865293,18414704462250,18414706984404,18414707735558,18414707926327,18414709520142,18414704439789,11009754,18414709143250,18414716966943,18414717348404,18414728707866,18414735846250,6360000,392846,18414735846250,18414729718327,18414764654635,18414728707866,
0,12483326,18414709422377,18414709422377,0,18414717641327,18414717738020,18414718293404,18414718369712,18414731543440,18414717638635,11009952,18414718608173,18414729839558,18414730196404,18414741973943,18414750128097,6882077,770538,18414750128097,18414743886866,18414775718866,18414741973943,
0,12483341,18414720427297,18414720427297,-852349127,18414730508481,18414731484712,18414731921327,18414732461097,18414742548019,18414730505635,11009611,18414733410250,18414744270943,18414745000097,18414758986327,18414766527173,9633846,521230,18414766527173,18414760312712,18414786683173,18414758986327,
0,12483356,18414731432720,18414742442174,-537966545,18414745586558,18414749571173,18414750757020,18414751213404,18414753553285,18414745552481,11009454,18414753814020,18414760436173,18414760843866,18414773251173,18414782135558,6654539,700000,18414782135558,18414775037020,18414797686635,18414773251173,
0,12483378,18414753450212,18414753450212,0,18414761134635,18414761229943,18414761865404,18414761951866,18414775570720,18414761131558,11009397,18414762209020,18414775222020,18414775992173,18414788113327,18414795883789,7566154,420846,18414795883789,18414789090943,18414808688097,18414788113327,
0,12483393,18414764479714,18414775490157,-563099630,18414776511481,18414779602250,18414779885712,18414780107789,18414786601268,18414776499250,11010443,18414781594943,18414789214635,18414789619173,18414799554250,18414807418635,5850154,417231,18414807418635,18414800656789,18414830712097,18414799554250,
0,12483415,18414786500269,18414786500269,-188433579,18414789908173,18414790728097,18414791950635,18414792248173,18414808621782,18414789905712,11010402,18414792605327,18414800780404,18414801192789,18414813698558,18414821466635,8007385,374384,18414821466635,18414814595558,18414841727789,18414813698558,
0,12483430,18414797505007,18414797505007,-476001739,18414801478866,18414802214020,18414802881327,18414802970635,18414819626175,18414801476404,11010057,18414803330327,18414814733404,18414815083789,18414825059789,18414832729943,5875461,397307,18414832729943,18414826016173,18414852755558,18414825059789,
0,12483445,18414808515064,18414808515064,-10517600,18414816659866,18414816678866,18414817774866,18414817866327,18414830636221,18414816657020,11010046,18414818185712,18414826136173,18414826491250,18414836429943,18414844849020,5787616,396000,18414844849020,18414837296789,18414863766250,18414836429943,
0,12483460,18414819523023,18414819523023,0,18414826965404,18414826967789,18414827404173,18414827559481,18414841644180,18414826960712,11010046,18414829053943,18414837412097,18414837786635,18414849051250,18414856853327,6825462,437846,18414856853327,18414850125404,18414874779789,18414849051250,
0,12483475,18414830527155,18414830527155,0,18414837977327,18414837978020,18414838332712,18414838421404,18414852648025,18414837974866,11009759,18414839129635,18414850287481,18414850642020,18414860790327,18414868519250,5961462,355923,18414868519250,18414861684404,18414885802327,18414860790327,
0,12483490,18414841530888,18414841530888,0,18414850909404,18414850910635,18414853621943,18414853755789,18414863651382,18414850905097,11009383,18414855632097,18414861803866,18414862161635,18414872077404,18414880058558,5466846,342538,18414880058558,18414873069404,18414896774020,18414872077404,
0,12483505,18414852542472,18414852542472,0,18414862488097,18414862489327,18414863905327,18414864292097,18414874663224,18414862484097,11009641,18414864886943,18414873190943,18414873597635,18414885518558,18414896482635,6961462,413770,18414896482635,18414886604712,18414907786943,18414885518558,
0,12483520,18414863551019,18414863551019,0,18414874004404,18414874006250,18414875053712,18414875216404,18414885671581,18414873999789,11009451,18414876741943,18414886727866,18414887149943,18414898739250,18414909876789,6263000,375923,18414909876789,18414899845404,18414929809635,18414898739250,
0,12483542,18414885574965,18414885574965,0,18414887435558,18414887436404,18414887823866,18414887933404,18414907695774,18414887432712,11009698,18414889267481,18414899966635,18414900373097,18414912543866,18414922934327,7261923,328923,18414922934327,18414913513943,18414940834020,18414912543866,
0,12483557,18414896586840,18414896586840,0,18414900549327,18414900549943,18414901358020,18414901445635,18414918707642,18414900546866,11009691,18414902053635,18414913631789,18414913966250,18414923738943,18414933830327,5500692,332000,18414933830327,18414924698866,18413256407866,18414923738943,
0,12483572,18414907593745,18414907593745,0,18414914288173,18414914289635,18414915789635,18414915876404,18414929714412,18414914279789,11009556,18414916538250,18414924817943,18414925258866,18414934713020,18414942167558,4528615,1755616,18414942167558,18414937350558,18413278272173,18414934713020,
0,12483587,18414918603301,18414918603301,0,18414925929327,18414925933020,18414927485712,18414927611789,18414929714412,18414925921097,11009556,18414929160481,18414937510250,18414938370635,18414945759866,18414951710020,2372616,406231,18414951710020,18414946708404,18413289271173,18414945759866,
0,12483602,18414929613428,18414929613428,0,18414938700481,18414938702558,18414939787250,18414939905712,18414940724539,18414938696481,11009685,18414941653097,18414946851558,18414947253327,18414957608789,18413282522635,5691461,374769,18413282522635,18414958647866,18413300317712,18414957608789,
---PROFILEDATA---


View hierarchy:

  com.anonymous.ecobudmobile/com.anonymous.ecobudmobile.MainActivity/android.view.ViewRootImpl@ea9ec16
  188 views, 373.38 kB of render nodes


Total ViewRootImpl   : 1
Total attached Views : 188
Total RenderNode     : 373.38 kB (used) / 1253.87 kB (capacity)

  ProcessConfig={1.1 ?mcc?mnc [en_PH] ldltr sw411dp w411dp h833dp 280dpi nrml long port night finger -keyb/v/h -nav/h winConfig={ mBounds=Rect(0, 0 - 720, 1600) mAppBounds=Rect(0, 58 - 720, 1516) mMaxBounds=Rect(0, 0 - 720, 1600) mDisplayRotation=ROTATION_0 mWindowingMode=fullscreen mDisplayWindowingMode=fullscreen mActivityType=undefined mAlwaysOnTop=undefined mRotation=ROTATION_0 mPopOver=off mStageConfig=undefined mFreeformTaskPinningState=unpinned mFreeformStashState=undefined} s.56 fontWeightAdjustment=0 ff=0 bf=0 bts=0 themeSeq=0 nightDim=0}
  Application ResourcesConfig={1.1 ?mcc?mnc [en_PH] ldltr sw411dp w411dp h833dp 280dpi nrml long port night finger -keyb/v/h -nav/h winConfig={ mBounds=Rect(0, 0 - 720, 1600) mAppBounds=Rect(0, 58 - 720, 1516) mMaxBounds=Rect(0, 0 - 720, 1600) mDisplayRotation=ROTATION_0 mWindowingMode=fullscreen mDisplayWindowingMode=fullscreen mActivityType=undefined mAlwaysOnTop=undefined mRotation=ROTATION_0 mPopOver=off mStageConfig=undefined mFreeformTaskPinningState=unpinned mFreeformStashState=undefined} s.56 fontWeightAdjustment=0 ff=0 bf=0 bts=0 themeSeq=0 nightDim=0}
