Applications Graphics Acceleration Info:
Uptime: 18605559 Realtime: 19989918

** Graphics info for pid 27549 [com.anonymous.ecobudmobile] **

Stats since: 18601224098646ns
Total frames rendered: 310
Janky frames: 309 (99.68%)
Janky frames (legacy): 310 (100.00%)
50th percentile: 34ms
90th percentile: 40ms
95th percentile: 40ms
99th percentile: 44ms
Number Missed Vsync: 76
Number High input latency: 226
Number Slow UI thread: 308
Number Slow bitmap uploads: 3
Number Slow issue draw commands: 309
Number Frame deadline missed: 309
Number Frame deadline missed (legacy): 85
HISTOGRAM: 5ms=0 6ms=0 7ms=0 8ms=0 9ms=0 10ms=0 11ms=0 12ms=0 13ms=0 14ms=0 15ms=0 16ms=1 17ms=0 18ms=0 19ms=0 20ms=0 21ms=1 22ms=2 23ms=4 24ms=2 25ms=2 26ms=3 27ms=2 28ms=12 29ms=15 30ms=31 31ms=26 32ms=52 34ms=45 36ms=38 38ms=42 40ms=19 42ms=8 44ms=2 46ms=3 48ms=0 53ms=0 57ms=0 61ms=0 65ms=0 69ms=0 73ms=0 77ms=0 81ms=0 85ms=0 89ms=0 93ms=0 97ms=0 101ms=0 105ms=0 109ms=0 113ms=0 117ms=0 121ms=0 125ms=0 129ms=0 133ms=0 150ms=0 200ms=0 250ms=0 300ms=0 350ms=0 400ms=0 450ms=0 500ms=0 550ms=0 600ms=0 650ms=0 700ms=0 750ms=0 800ms=0 850ms=0 900ms=0 950ms=0 1000ms=0 1050ms=0 1100ms=0 1150ms=0 1200ms=0 1250ms=0 1300ms=0 1350ms=0 1400ms=0 1450ms=0 1500ms=0 1550ms=0 1600ms=0 1650ms=0 1700ms=0 1750ms=0 1800ms=0 1850ms=0 1900ms=0 1950ms=0 2000ms=0 2050ms=0 2100ms=0 2150ms=0 2200ms=0 2250ms=0 2300ms=0 2350ms=0 2400ms=0 2450ms=0 2500ms=0 2550ms=0 2600ms=0 2650ms=0 2700ms=0 2750ms=0 2800ms=0 2850ms=0 2900ms=0 2950ms=0 3000ms=0 3050ms=0 3100ms=0 3150ms=0 3200ms=0 3250ms=0 3300ms=0 3350ms=0 3400ms=0 3450ms=0 3500ms=0 3550ms=0 3600ms=0 3650ms=0 3700ms=0 3750ms=0 3800ms=0 3850ms=0 3900ms=0 3950ms=0 4000ms=0 4050ms=0 4100ms=0 4150ms=0 4200ms=0 4250ms=0 4300ms=0 4350ms=0 4400ms=0 4450ms=0 4500ms=0 4550ms=0 4600ms=0 4650ms=0 4700ms=0 4750ms=0 4800ms=0 4850ms=0 4900ms=0 4950ms=0
50th gpu percentile: 8ms
90th gpu percentile: 11ms
95th gpu percentile: 12ms
99th gpu percentile: 12ms
GPU HISTOGRAM: 1ms=0 2ms=0 3ms=0 4ms=1 5ms=6 6ms=21 7ms=40 8ms=92 9ms=57 10ms=53 11ms=21 12ms=17 13ms=1 14ms=0 15ms=1 16ms=0 17ms=0 18ms=0 19ms=0 20ms=0 21ms=0 22ms=0 23ms=0 24ms=0 25ms=0 4950ms=0

Pipeline=Skia (OpenGL)
CPU Caches:
  Glyph Cache: 248.80 KB (1 entry)
  skia/sk_resource_cache/mipmap_0xb400007992aa0b00: 15.45 KB (1 entry)
  Glyph Count: 154 
Total CPU memory usage:
  270595 bytes, 264.25 KB (0.00 bytes is purgeable)
GPU Caches:
  Other:
    Other: 28.67 KB (1 entry)
    StencilAttachment: 4.00 KB (1 entry)
    Buffer Object: 2.50 KB (4 entries)
  Image:
    Texture: 23.93 MB (8 entries)
  Scratch:
    RenderTarget: 4.31 MB (1 entry)
    Texture: 4.00 MB (3 entries)
    Buffer Object: 48.00 KB (1 entry)
Total GPU memory usage:
  33892228 bytes, 32.32 MB (7.57 KB is purgeable)

Profile data in ms:

	com.anonymous.ecobudmobile/com.anonymous.ecobudmobile.MainActivity/android.view.ViewRootImpl@3ac6094 (visibility=0)
Window: com.anonymous.ecobudmobile/com.anonymous.ecobudmobile.MainActivity
Stats since: 18601224095262ns
Total frames rendered: 310
Janky frames: 309 (99.68%)
Janky frames (legacy): 310 (100.00%)
50th percentile: 34ms
90th percentile: 40ms
95th percentile: 40ms
99th percentile: 44ms
Number Missed Vsync: 76
Number High input latency: 226
Number Slow UI thread: 308
Number Slow bitmap uploads: 3
Number Slow issue draw commands: 309
Number Frame deadline missed: 309
Number Frame deadline missed (legacy): 85
HISTOGRAM: 5ms=0 6ms=0 7ms=0 8ms=0 9ms=0 10ms=0 11ms=0 12ms=0 13ms=0 14ms=0 15ms=0 16ms=1 17ms=0 18ms=0 19ms=0 20ms=0 21ms=1 22ms=2 23ms=4 24ms=2 25ms=2 26ms=3 27ms=2 28ms=12 29ms=15 30ms=31 31ms=26 32ms=52 34ms=45 36ms=38 38ms=42 40ms=19 42ms=8 44ms=2 46ms=3 48ms=0 53ms=0 57ms=0 61ms=0 65ms=0 69ms=0 73ms=0 77ms=0 81ms=0 85ms=0 89ms=0 93ms=0 97ms=0 101ms=0 105ms=0 109ms=0 113ms=0 117ms=0 121ms=0 125ms=0 129ms=0 133ms=0 150ms=0 200ms=0 250ms=0 300ms=0 350ms=0 400ms=0 450ms=0 500ms=0 550ms=0 600ms=0 650ms=0 700ms=0 750ms=0 800ms=0 850ms=0 900ms=0 950ms=0 1000ms=0 1050ms=0 1100ms=0 1150ms=0 1200ms=0 1250ms=0 1300ms=0 1350ms=0 1400ms=0 1450ms=0 1500ms=0 1550ms=0 1600ms=0 1650ms=0 1700ms=0 1750ms=0 1800ms=0 1850ms=0 1900ms=0 1950ms=0 2000ms=0 2050ms=0 2100ms=0 2150ms=0 2200ms=0 2250ms=0 2300ms=0 2350ms=0 2400ms=0 2450ms=0 2500ms=0 2550ms=0 2600ms=0 2650ms=0 2700ms=0 2750ms=0 2800ms=0 2850ms=0 2900ms=0 2950ms=0 3000ms=0 3050ms=0 3100ms=0 3150ms=0 3200ms=0 3250ms=0 3300ms=0 3350ms=0 3400ms=0 3450ms=0 3500ms=0 3550ms=0 3600ms=0 3650ms=0 3700ms=0 3750ms=0 3800ms=0 3850ms=0 3900ms=0 3950ms=0 4000ms=0 4050ms=0 4100ms=0 4150ms=0 4200ms=0 4250ms=0 4300ms=0 4350ms=0 4400ms=0 4450ms=0 4500ms=0 4550ms=0 4600ms=0 4650ms=0 4700ms=0 4750ms=0 4800ms=0 4850ms=0 4900ms=0 4950ms=0
50th gpu percentile: 8ms
90th gpu percentile: 11ms
95th gpu percentile: 12ms
99th gpu percentile: 12ms
GPU HISTOGRAM: 1ms=0 2ms=0 3ms=0 4ms=1 5ms=6 6ms=21 7ms=40 8ms=92 9ms=57 10ms=53 11ms=21 12ms=17 13ms=1 14ms=0 15ms=1 16ms=0 17ms=0 18ms=0 19ms=0 20ms=0 21ms=0 22ms=0 23ms=0 24ms=0 25ms=0 4950ms=0



---PROFILEDATA---
Flags,FrameTimelineVsyncId,IntendedVsync,Vsync,InputEventId,HandleInputStart,AnimationStart,PerformTraversalsStart,DrawStart,FrameDeadline,FrameInterval,FrameStartTime,SyncQueued,SyncStart,IssueDrawCommandsStart,SwapBuffers,FrameCompleted,DequeueBufferDuration,QueueBufferDuration,GpuCompleted,SwapBuffersCompleted,DisplayPresentTime,CommandSubmissionCompleted,
0,12698202,18603856579667,18603867591787,0,18603869284185,18603869285646,18603869616185,18603869786954,18603878702898,18603869274339,11012120,18603875565723,18603882808416,18603883493031,18603892992723,18603900635262,6018077,415077,18603900635262,18603895795185,18603922816723,18603892992723,
0,12698224,18603878582113,18603878582113,0,18603883679877,18603883680723,18603884112416,18603884251800,18603900704280,18603883677108,11011056,18603889235569,18603895942569,18603896945339,18603907714646,18603915603569,7349308,332615,18603915603569,18603910033339,18603933801723,18603907714646,
0,12698239,18603889593453,18603889593453,0,18603897164492,18603897165646,18603898449723,18603898682339,18603911715713,18603897161339,11011149,18603904135877,18603910154646,18603910902646,18603923149031,18603930566877,8606154,636923,18603930566877,18603925598569,18603955843185,18603923149031,
0,12698254,18603900604602,18603900604602,0,18603911175492,18603911176492,18603912287262,18603912411569,18603922726862,18603911172185,11011149,18603917894646,18603925789339,18603927493339,18603938129723,18603945847262,5764923,527461,18603945847262,18603940546339,18603966822954,18603938129723,
0,12698276,18603922616564,18603922616564,0,18603928163262,18603928164416,18603929229723,18603929424800,18603944738497,18603928160185,11010822,18603935500800,18603940693416,18603941410954,18603951867492,18603959491185,5555077,336231,18603959491185,18603953928723,18603977837646,18603951867492,
0,12698291,18603933625131,18603933625131,0,18603942244108,18603942248800,18603944412185,18603944552416,18603955746862,18603942233031,11010620,18603949802262,18603954055185,18603955021031,18603964596185,18603974667569,5635385,351692,18603974667569,18603965973031,18603988854031,18603964596185,
0,12698306,18603944635751,18603955646371,0,18603955672185,18603955675492,18603956808185,18603956905416,18603966757482,18603955658031,11010620,18603961319800,18603966106262,18603966869339,18603977226646,18603987452492,6491769,363077,18603987452492,18603978632108,18604010876723,18603977226646,
0,12698329,18603966649932,18603966649932,-1045167400,18603970261954,18603970262954,18603970621954,18603970726646,18603988771283,18603970258262,11010240,18603975146262,18603978751492,18603979465954,18603989586339,18604000520492,6598769,405231,18604000520492,18603991755185,18604021930877,18603989586339,
0,12698343,18603977653847,18603977653847,-913457941,18603979753031,18603980350646,18603981138031,18603981380800,18603999774879,18603979749646,11009921,18603985988723,18603991907800,18603992969646,18604006069646,18604016760416,9109000,365615,18604016760416,18604007443185,18604032881723,18604006069646,
0,12698358,18603988655780,18603988655780,-90285768,18603993524492,18603994132108,18603994385954,18603994492492,18604010776240,18603993520492,11009349,18603999931492,18604007562954,18604008269723,18604018662262,18604029601031,6381539,353846,18604029601031,18604019970031,18604043950646,18604018662262,
0,12698373,18603999665129,18603999665129,-111854552,18604008466031,18604009647800,18604010117416,18604010280723,18604021785589,18604008463569,11009349,18604014335492,18604020140800,18604020878877,18604030645031,18604039590339,6623308,377769,18604039590339,18604033169339,18604066007185,18604030645031,
0,12698388,18604010669075,18604010669075,0,18604021089108,18604021179492,18604022207185,18604022378031,18604032789116,18604021086877,11008930,18604027219569,18604033296108,18604034016492,18604044551492,18604053387262,7019077,363615,18604053387262,18604047133723,18604076933646,18604044551492,
0,12698403,18604021672847,18604032681301,-265004911,18604034378646,18604035601339,18604036194262,18604036461954,18604043792412,18604034369723,11008454,18604040573108,18604047269031,18604048099185,18604059675569,18604068461031,8391154,376615,18604068461031,18604061968723,18604087941723,18604059675569,
0,12698425,18604043702175,18604043702175,-604455294,18604048328800,18604049096185,18604049795569,18604049909954,18604065822499,18604048326262,11009213,18604054202954,18604062113339,18604062934877,18604073142262,18604081813416,6864077,373615,18604081813416,18604075135569,18604099007800,18604073142262,
0,12698440,18604054711388,18604054711388,-1049016540,18604063483569,18604064850031,18604065744492,18604066002646,18604076831712,18604063474954,11009213,18604070629723,18604075268800,18604076071569,18604086589646,18604095950031,7427077,316616,18604095950031,18604089012492,18604120973031,18604086589646,
0,12698455,18604065729058,18604065729058,0,18604076359185,18604076466569,18604077430262,18604077755877,18604087849749,18604076356492,11009580,18604082542646,18604089142569,18604089835569,18604100079877,18604109172492,6776616,392308,18604109172492,18604102573723,18604131985723,18604100079877,
0,12698470,18604076754589,18604087764938,-247859796,18604090065031,18604091665339,18604092249108,18604092350262,18604098876049,18604090057339,11010349,18604096269954,18604102729339,18604103511262,18604114792723,18604123900723,7782077,334461,18604123900723,18604116997723,18604143027185,18604114792723,
0,12698492,18604098760860,18604098760860,-956707792,18604103856108,18604105363877,18604106364723,18604106727185,18604120881393,18604103852492,11009422,18604112506031,18604117123569,18604117948416,18604128706569,18604137901108,7177770,416308,18604137901108,18604130888108,18604154025339,18604128706569,
0,12698507,18604109770282,18604109770282,0,18604118190569,18604118278339,18604118941031,18604119047800,18604131890815,18604118188185,11009422,18604124237339,18604131052185,18604131922954,18604141756108,18604151281646,6464308,369846,18604151281646,18604144257646,18604176048723,18604141756108,
0,12698522,18604120783722,18604131793140,-573294496,18604132290031,18604133558262,18604134035262,18604134189031,18604142904251,18604132279800,11009418,18604138280108,18604144377723,18604145130954,18604155174339,18604165496416,6583923,434692,18604165496416,18604157821954,18604187021031,18604155174339,
0,12698544,18604142819288,18604142819288,-564966791,18604145329339,18604146060185,18604147294877,18604147489954,18604164941450,18604145326646,11011051,18604151618262,18604157976800,18604158902262,18604172665339,18604182112185,10567000,377538,18604182112185,18604174632416,18604198083185,18604172665339,
0,12698559,18604153829878,18604153829878,-1053675917,18604159205339,18604160665031,18604161903185,18604162057031,18604175951929,18604159201646,11010940,18604167962569,18604174782031,18604175655877,18604185789723,18604195438877,6695923,363769,18604195438877,18604188039262,18604220120723,18604185789723,
0,12698574,18604164840818,18604175851758,-103721370,18604176055262,18604177937416,18604178670569,18604178843569,18604186962869,18604175998569,11010940,18604183357339,18604188165339,18604188918031,18604200255877,18604209945416,7330693,369462,18604209945416,18604202455877,18604231154031,18604200255877,
0,12698596,18604186863028,18604186863028,-754029973,18604189178646,18604190141108,18604191400723,18604191489108,18604208985167,18604189176416,11011028,18604196173646,18604202584185,18604203342646,18604215087800,18604224350646,8511923,340923,18604224350646,18604216952800,18604242086569,18604215087800,
0,12698611,18604197863008,18604197863008,-373513304,18604203601031,18604204410877,18604205162031,18604205250877,18604219984509,18604203598339,11010390,18604210005031,18604217078954,18604217751262,18604228076108,18604238578954,6299077,468308,18604238578954,18604230911492,18604264198031,18604228076108,
0,12698626,18604208873398,18604208873398,0,18604217998877,18604218081723,18604218728185,18604218823569,18604230994899,18604217996108,11010390,18604223087492,18604231231569,18604232615185,18604244151492,18604253776492,8217923,352308,18604253776492,18604246131800,18604275121031,18604244151492,
0,12698641,18604219889841,18604230900594,-25051841,18604232998262,18604235100108,18604235629339,18604235720108,18604242011705,18604232984185,11010753,18604240441031,18604246251800,18604247026646,18604258960185,18604268900108,7917231,433231,18604268900108,18604261416185,18604286241646,18604258960185,
0,12698663,18604241929419,18604241929419,-226266894,18604247301646,18604249117416,18604250274569,18604250442877,18604264052204,18604247298262,11011674,18604255899262,18604261571800,18604262606877,18604275166646,18604284809108,7725846,326385,18604284809108,18604277321339,18604308125339,18604275166646,
0,12698678,18604252941093,18604252941093,0,18604263048108,18604263176723,18604264472723,18604264696185,18604275063878,18604263043569,11011674,18604269205339,18604277443262,18604278256108,18604288480800,18604298560185,5278692,395692,18604298560185,18604291184416,18604319134569,18604288480800,
0,12698693,18604263941291,18604274952334,-979113439,18604278782954,18604280179185,18604280391800,18604280542646,18604286063445,18604278765108,11011043,18604285078954,18604291352723,18604292361646,18604303906031,18604312878954,7826770,334231,18604312878954,18604305883262,18604330140185,18604303906031,
0,12698715,18604285963993,18604285963993,-854831986,18604292678569,18604294189646,18604295672800,18604295836800,18604308086014,18604292672492,11010910,18604301655185,18604306004108,18604306723877,18604314593108,18604324137416,4302154,378539,18604324137416,18604317058031,18604341190569,18604314593108,
0,12698730,18604296974903,18604296974903,0,18604307286031,18604307410877,18604310834031,18604310951569,18604319096924,18604307281646,11010910,18604315484800,18604317186262,18604318001954,18604328506569,18604337736723,7042769,513153,18604337736723,18604330811185,18604363240723,18604328506569,
0,12698745,18604308001321,18604308001321,-1055841489,18604318242262,18604320281108,18604320645646,18604320807569,18604330124019,18604318239800,11011587,18604325248723,18604330963185,18604331859492,18604342591492,18604351781031,6902077,358462,18604351781031,18604344785723,18604374170954,18604342591492,
0,12698760,18604318999937,18604330011041,-79305656,18604332162262,18604334445339,18604335406646,18604335722646,18604341122152,18604332151262,11011104,18604342151569,18604344914646,18604345716492,18604356121954,18604365310262,7014077,414692,18604365310262,18604358198646,18604385178954,18604356121954,
0,12698782,18604340993064,18604340993064,-263849485,18604345983185,18604346748185,18604347485339,18604347713723,18604363113810,18604345980492,11009635,18604351835877,18604358353339,18604359219569,18604370986031,18604379909954,7988616,387692,18604379909954,18604372960185,18604396201646,18604370986031,
0,12698797,18604352002699,18604352002699,-507571478,18604359549339,18604361061031,18604361977723,18604362064492,18604374123445,18604359546646,11009635,18604366891492,18604373094031,18604373898569,18604386078339,18604394596185,7387384,671693,18604394596185,18604388442339,18604418211877,18604386078339,
0,12698812,18604363018184,18604374028366,-900126462,18604376116800,18604376128800,18604377046339,18604377150877,18604385139477,18604376109416,11010182,18604381170569,18604388654877,18604389569031,18604397531800,18604406529646,3989153,347692,18604406529646,18604399713339,18604429272416,18604397531800,
0,12698834,18604385023541,18604385023541,0,18604389905646,18604389906646,18604390177646,18604390286569,18604407143834,18604389903492,11009182,18604395373416,18604399849416,18604400670031,18604411367185,18604420162954,7366231,351308,18604420162954,18604413288416,18604440259185,18604411367185,
0,12698849,18604396025100,18604396025100,0,18604400851492,18604400852416,18604401227800,18604401342646,18604418145111,18604400849339,11008900,18604405751877,18604413412492,18604414136416,18604424857416,18604434585339,6771000,402693,18604434585339,18604427100800,18604451250954,18604424857416,
0,12698864,18604407034000,18604407034000,0,18604414309031,18604414310262,18604415125954,18604415263877,18604429154011,18604414306954,11008900,18604419905108,18604427251492,18604428180416,18604439035185,18604448089723,6996384,362692,18604448089723,18604441237108,18604473330339,18604439035185,
0,12698879,18604418032224,18604418032224,0,18604428451800,18604428452723,18604430522569,18604430691800,18604440151540,18604428448800,11008205,18604435382031,18604441361031,18604442105108,18604452946339,18604462040723,6635385,376000,18604462040723,18604455207800,18604484255800,18604452946339,
0,12698901,18604440042314,18604440042314,0,18604442352800,18604442353416,18604443194569,18604443285723,18604462161067,18604442350339,11007642,18604448613416,18604455340723,18604456171262,18604468986646,18604477914569,9355000,384924,18604477914569,18604471077416,18604495290339,18604468986646,
0,12698916,18604451048495,18604451048495,0,18604456423800,18604456424800,18604457372416,18604457484723,18604473167032,18604456421108,11007426,18604462357031,18604471194262,18604471930569,18604482657031,18604493671877,6534231,421461,18604493671877,18604484313031,18604517282954,18604482657031,
0,12698931,18604462055921,18604462055921,0,18604472233646,18604472234569,18604473423492,18604473688416,18604484174458,18604472230877,11007426,18604478298262,18604484474031,18604485270646,18604496229339,18604508131262,6165538,410154,18604508131262,18604497568723,18604528275262,18604496229339,
0,12698946,18604473059199,18604484066307,0,18604485656800,18604485657723,18604486244492,18604486476185,18604495177418,18604485611492,11007108,18604491241646,18604497722339,18604498976108,18604514738954,18604525940108,11644923,378461,18604525940108,18604516087877,18604539322339,18604514738954,
0,12698968,18604495071551,18604495071551,0,18604499243877,18604499245416,18604500552723,18604500726339,18604517189273,18604499239800,11006611,18604507949339,18604516219492,18604517048185,18604533161723,18604542061723,6744615,363154,18604542061723,18604534029416,18604561309339,18604533161723,
0,12698983,18604506078162,18604517084773,0,18604517567800,18604517569646,18604519542569,18604519641723,18604528195884,18604517551185,11006611,18604524397339,18604534206954,18604535352800,18604543274954,18604555264185,2629462,349308,18604555264185,18604545408108,18604572322646,18604543274954,
0,12699005,18604528096397,18604528096397,0,18604535781416,18604535783492,18604537454569,18604537649723,18604550214567,18604535776800,11007059,18604544754569,18604545539569,18604546334262,18604559046031,18604570694262,7892846,397461,18604570694262,18604560626646,18604583326339,18604559046031,
0,12699020,18604539091857,18604539091857,0,18604546697646,18604546699262,18604548453646,18604548706569,18604561209247,18604546693723,11006279,18604554110569,18604560770031,18604561743262,18604573141723,18604584527492,6880692,371000,18604584527492,18604574407569,18604605377031,18604573141723,
0,12699035,18604550098136,18604561104415,-106513988,18604565555569,18604565557108,18604566566262,18604566705646,18604572215526,18604565545339,11006279,18604571477031,18604574523569,18604575232108,18604585569646,18604593730646,6409154,313538,18604593730646,18604586351492,18604616375492,18604585569646,
0,12699057,18604572117982,18604572117982,-206305136,18604575587877,18604576618646,18604577782262,18604577871262,18604594235862,18604575585339,11006769,18604582211800,18604586479569,18604587228492,18604599983262,18604606586646,8675769,354462,18604606586646,18604601351569,18604627365031,18604599983262,
0,12699072,18604583136871,18604583136871,-994060106,18604587478569,18604588220800,18604588501108,18604588593954,18604605255850,18604587476108,11007868,18604594063185,18604601467800,18604602182646,18604612983262,18604619071800,7124308,390154,18604619071800,18604615042031,18604638410569,18604612983262,
0,12699087,18604594144739,18604594144739,-681685144,18604602392723,18604603308800,18604604468416,18604604556416,18604616263718,18604602390262,11007868,18604609354339,18604615171262,18604615969108,18604626599492,18604632440800,6798462,345539,18604632440800,18604628616108,18604660394031,18604626599492,
0,12699102,18604605145754,18604616153183,-221232134,18604616295877,18604617927185,18604618783492,18604618907492,18604627264294,18604616286954,11007429,18604624135800,18604628742262,18604629554877,18604642382262,18604649118569,8141770,371770,18604649118569,18604645291492,18604671424492,18604642382262,
0,12699124,18604627161418,18604627161418,-154848656,18604629825339,18604630762646,18604632259800,18604632388723,18604649279715,18604629822954,11007186,18604637605339,18604645444416,18604646317031,18604658563262,18604664581954,8809923,448538,18604664581954,18604660482877,18604693444416,18604658563262,
0,12699139,18604638168807,18604638168807,-817565648,18604646867569,18604648523262,18604649372185,18604649466569,18604660287158,18604646858646,11007240,18604654403262,18604660615877,18604661468185,18604671214262,18604676705723,5992000,367462,18604676705723,18604673802646,18604704455877,18604671214262,
0,12699154,18604649176047,18604660183287,-89136607,18604662104416,18604663756492,18604664775185,18604664998339,18604671294398,18604662085339,11007240,18604669726569,18604673950262,18604675125031,18604687149416,18604693282262,8270769,410538,18604693282262,18604689138646,18604715450262,18604687149416,
0,12699176,18604671200288,18604671200288,-477574076,18604675492185,18604676781646,18604677438877,18604677589954,18604693319187,18604675488108,11007788,18604682584492,18604689270031,18604690061031,18604699963185,18604706374954,6698769,364692,18604706374954,18604702109723,18604726447262,18604699963185,
0,12699191,18604682208076,18604682208076,-625461486,18604690341416,18604692592723,18604693496416,18604693760800,18604704326975,18604690338877,11007788,18604697953954,18604702234339,18604702952108,18604712794569,18604719347185,6128308,428000,18604719347185,18604714971492,18604737478569,18604712794569,
0,12699206,18604693216136,18604693216136,0,18604703215569,18604703303877,18604704667569,18604704774569,18604715334920,18604703213108,11007673,18604708977416,18604715110031,18604715887262,18604725728108,18604732140185,6775923,404077,18604732140185,18604727772492,18604759528416,18604725728108,
0,12699221,18604704226692,18604715234434,-676026717,18604716155800,18604717724108,18604718168416,18604718327185,18604726345545,18604716147185,11007742,18604722944723,18604727918954,18604728744108,18604739442877,18604745178339,6523461,332308,18604745178339,18604741965031,18604770490646,18604739442877,
0,12699243,18604726249931,18604726249931,-204404816,18604728950954,18604729789339,18604731037108,18604731126031,18604748369225,18604728948492,11008183,18604735596492,18604742120108,18604742906646,18604754675185,18604761417031,8113538,371077,18604761417031,18604756713416,18604781575185,18604754675185,
0,12699258,18604737258465,18604737258465,-97293939,18604743327492,18604744898646,18604746829954,18604747098339,18604759377864,18604743322954,11008288,18604752119185,18604756844800,18604757851262,18604768963800,18604776087569,7559000,410462,18604776087569,18604771225954,18604792516723,18604768963800,
0,12699273,18604748266753,18604748266753,0,18604758118646,18604758206954,18604759399262,18604759669646,18604770386152,18604758115800,11008288,18604764647492,18604771356416,18604772246031,18604783698646,18604790653646,7507000,378154,18604790653646,18604785860108,18604814556108,18604783698646,
0,12699288,18604759278508,18604770286977,-820250587,18604772519262,18604774120185,18604774637416,18604774962031,18604781398088,18604772509954,11008469,18604779096492,18604785995569,18604786779492,18604797259877,18604804788416,6462385,484923,18604804788416,18604799331877,18604825561646,18604797259877,
0,12699310,18604781311838,18604781311838,-94381758,18604786989646,18604788146262,18604789286031,18604789461031,18604803432521,18604786987185,11009572,18604794363262,18604799490262,18604800441416,18604810028416,18604817344185,5935615,389462,18604817344185,18604812168492,18604836598569,18604810028416,
0,12699325,18604792321410,18604792321410,0,18604800783262,18604800890646,18604802150954,18604802403800,18604814443053,18604800780723,11010532,18604806985646,18604812316492,18604813191492,18604823932800,18604831813031,6914693,646847,18604831813031,18604827089416,18604858580723,18604823932800,
0,12699340,18604803348044,18604803348044,-361467432,18604813461723,18604814793646,18604815346262,18604815443185,18604825469687,18604813458954,11010532,18604819968185,18604827357954,18604829524185,18604839215492,18604846695262,5658385,387693,18604846695262,18604841385723,18604869595262,18604839215492,
0,12699355,18604814354894,18604825365285,-634178750,18604830075185,18604831243262,18604832245339,18604832416108,18604836476396,18604830046954,11010391,18604837215569,18604841514569,18604842262031,18604853156800,18604860544800,7532077,349923,18604860544800,18604855121031,18604880594031,18604853156800,
0,12699377,18604836376518,18604836376518,-831077638,18604842529954,18604843710877,18604845031262,18604845132416,18604858498143,18604842526877,11010514,18604849590031,18604855247800,18604855968800,18604866676492,18604874163569,7077539,346769,18604874163569,18604868844800,18604891622877,18604866676492,
0,12699392,18604847387032,18604847387032,0,18604856254954,18604856346339,18604856980416,18604857111800,18604869508657,18604856252723,11010514,18604862379800,18604869011569,18604869816800,18604879651262,18604887181954,6673538,338384,18604887181954,18604881688800,18604913621646,18604879651262,
0,12699407,18604858401408,18604869412083,-914568044,18604870033954,18604871018262,18604871570877,18604871786262,18604880523194,18604870026339,11010675,18604875892416,18604881840800,18604882547569,18604893811492,18604900157108,7073769,738539,18604900157108,18604896465723,18604924648108,18604893811492,
0,12699429,18604880412674,18604880412674,-605355125,18604882748416,18604883551185,18604885029723,18604885136492,18604902533889,18604882745954,11010104,18604889360185,18604896734569,18604898206262,18604911727569,18604919488800,10095154,375615,18604919488800,18604914107877,18604946719262,18604911727569,
0,12699444,18604891420281,18604891420281,-866739229,18604898536185,18604899986954,18604902137723,18604902322954,18604913541448,18604898533339,11010056,18604907825108,18604914242954,18604914987185,18604925133646,18604931246646,6836000,419692,18604931246646,18604927335800,18604957679492,18604925133646,
0,12699459,18604902430337,18604913440393,-438328222,18604915241108,18604916745416,18604917726339,18604917831569,18604924551504,18604915232416,11010056,18604922041646,18604927481416,18604928427492,18604943118569,18604951541416,11476923,451000,18604951541416,18604945291800,18604979714954,18604943118569,
0,12699481,18604924444169,18604924444169,-160891075,18604928743800,18604929650031,18604930709339,18604930925416,18604946564957,18604928740492,11009677,18604937143800,18604945454262,18604946352723,18604959167492,18604966993646,9678693,330462,18604966993646,18604961210569,18604990701416,18604959167492,
0,12699496,18604935453846,18604946463523,-132692619,18604946934646,18604948453031,18604950472416,18604950626339,18604957574634,18604946918569,11009677,18604955302031,18604961380800,18604962267262,18604973508723,18604981434262,7667385,337846,18604981434262,18604975922339,18605001757723,18604973508723,
0,12699518,18604957485596,18604957485596,-926353995,18604962614031,18604964246339,18604965219800,18604965312492,18604979606980,18604962610954,11010273,18604970374954,18604976086954,18604976870262,18604988382262,18604996215185,8286846,417846,18604996215185,18604990364185,18605012724800,18604988382262,
0,12699533,18604968495869,18604968495869,-896445602,18604978185723,18604978197416,18604979433031,18604979629723,18604990617253,18604978182954,11010273,18604984583185,18604990498877,18604991305339,18605001594646,18605009266569,7195462,363385,18605009266569,18605003613108,18605034777031,18605001594646,
0,12699548,18604979504943,18604990515180,0,18604991711262,18604991712492,18604992428723,18604992760108,18605001626291,18604991702262,11010237,18604998334877,18605003740108,18605004516108,18605014877723,18605022960800,6978770,435769,18605022960800,18605017579800,18605045756108,18605014877723,
0,12699570,18605001524874,18605001524874,0,18605004699877,18605004700800,18605005079262,18605005179492,18605023646239,18605004697954,11010254,18605010631262,18605017717031,18605018459185,18605029719262,18605037073031,7291077,584692,18605037073031,18605031944416,18605056769339,18605029719262,
0,12699585,18605012540650,18605012540650,0,18605018650339,18605018651492,18605019577646,18605019666569,18605034662238,18605018647800,11010477,18605024920185,18605032183800,18605034409031,18605041488108,18605049910031,3283385,405461,18605049910031,18605044396723,18605067790646,18605041488108,
0,12699600,18605023551127,18605034561604,0,18605034960492,18605034966262,18605036604108,18605036753954,18605045672715,18605034938031,11010477,18605047203800,18605047454031,18605048315185,18605055056492,18605064568492,2807693,382769,18605064568492,18605057889339,18605089809031,18605055056492,
0,12699623,18605045568268,18605045568268,0,18605048915569,18605048917646,18605050436416,18605050567800,18605067689552,18605048910646,11010173,18605064959800,18605065197723,18605066582877,18605072150031,18605082943800,38538,628923,18605082943800,18605074118877,18605100835800,18605072150031,
0,12699637,18605056578260,18605067588539,-777280455,18605069681108,18605069682877,18605070809108,18605070926569,18605078699650,18605069668416,11010279,18605075368185,18605075544723,18605076736723,18605086074262,18605096970569,2788385,717154,18605096970569,18605088100108,18605111829646,18605086074262,
0,12699660,18605078593488,18605078593488,-487671982,18605078954646,18605079499800,18605079870031,18605079964493,18605100714517,18605078951493,11009918,18605084423877,18605088404185,18605089154339,18605095990031,18605107083569,3038769,571000,18605107083569,18605097231493,18605122906262,18605095990031,
0,12699675,18605089610996,18605089610996,-597290256,18605090052416,18605091270031,18605091572800,18605091674569,18605111732630,18605090048416,11010523,18605095974031,18605097469031,18605098249723,18605106595493,18605114663493,5215616,359692,18605114663493,18605107864108,18605133854877,18605106595493,
0,12699690,18605100619227,18605100619227,-697426593,18605101123569,18605101921954,18605102726339,18605102826877,18605122740689,18605101119877,11010351,18605107442646,18605107990262,18605108741416,18605117964493,18605125547493,5793154,380923,18605125547493,18605120177646,18605144870262,18605117964493,
0,12699705,18605111633341,18605111633341,-97990744,18605112122877,18605112915493,18605113632108,18605113720108,18605133755013,18605112118569,11010561,18605118212800,18605120310877,18605121029723,18605130191569,18605135851185,5670769,424692,18605135851185,18605132362262,18605155890339,18605130191569,
0,12699720,18605122643150,18605122643150,-904852616,18605123509723,18605124991262,18605126233031,18605126362262,18605144764794,18605123505954,11010533,18605131966646,18605132507877,18605133315800,18605143934646,18605149655262,6623385,539384,18605149655262,18605146508493,18605177926031,18605143934646,
0,12699735,18605133670129,18605133670129,-610228624,18605134030262,18605135316800,18605136262031,18605136352723,18605155792770,18605134027800,11011530,18605141383877,18605146694031,18605148705646,18605155879262,18605160870877,3861462,373153,18605160870877,18605158505339,18605188927262,18605155879262,
0,12699749,18605144678743,18605144678743,-781103390,18605148988185,18605149735569,18605150502569,18605150614339,18605166801232,18605148985416,11011378,18605155289954,18605158669954,18605159655569,18605173737646,18605179621723,10734769,381539,18605179621723,18605175637646,18605199989646,18605173737646,
0,12699764,18605155688734,18605155688734,-740784240,18605159991800,18605161139493,18605161978877,18605162125031,18605177811159,18605159988723,11011314,18605168161108,18605175763262,18605176590877,18605187001646,18605193434262,6475000,367692,18605193434262,18605189436493,18605221966954,18605187001646,
0,12699779,18605166700048,18605166700048,-163710096,18605176889108,18605178372800,18605179102954,18605179205416,18605188822473,18605176885108,11011314,18605183724723,18605189603493,18605190398031,18605201189723,18605206387185,6830539,446077,18605206387185,18605203858877,18605232961108,18605201189723,
0,12699801,18605188725376,18605188725376,-1027335995,18605190699493,18605192682262,18605193375262,18605193572185,18605210847908,18605190696723,11011421,18605199450031,18605204073723,18605205166954,18605217398339,18605223671800,8815000,398154,18605223671800,18605219314339,18605244001108,18605217398339,
0,12699816,18605199734771,18605199734771,-1069336215,18605205520185,18605206447262,18605207219800,18605207329954,18605221857094,18605205517339,11011212,18605212716723,18605219450031,18605220289954,18605230434262,18605237144723,6659692,600000,18605237144723,18605232895185,18605266035262,18605230434262,
0,12699831,18605210745983,18605210745983,0,18605220618339,18605220730262,18605222091493,18605222346262,18605232868306,18605220615262,11011212,18605226952723,18605233044185,18605234075877,18605244858877,18605250158877,7177539,396000,18605250158877,18605247070954,18605277086262,18605244858877,
0,12699846,18605221768706,18605232780472,-641306108,18605234379493,18605236291185,18605236598646,18605236688108,18605243891583,18605234365646,11011766,18605241601031,18605247197416,18605248145108,18605262347877,18605269008185,10619692,496615,18605269008185,18605264415877,18605288070646,18605262347877,
0,12699868,18605243794878,18605243794878,-16403763,18605248417108,18605249322954,18605250198031,18605250310877,18605265918134,18605248413646,11012145,18605255277031,18605264580108,18605265505646,18605277214569,18605284398262,6911077,371692,18605284398262,18605279602339,18605310040493,18605277214569,
0,12699883,18605254807023,18605265819168,-883975640,18605266173416,18605267614569,18605268429339,18605268520800,18605276930279,18605266142954,11012145,18605274358569,18605279725416,18605280585723,18605293044185,18605299862569,8599307,411770,18605299862569,18605295117646,18605321072108,18605293044185,
0,12699905,18605276837821,18605276837821,-312720315,18605280902646,18605281929108,18605283227569,18605283382569,18605298961421,18605280898646,11012489,18605288896723,18605295261031,18605296161723,18605307574339,18605314817108,7215692,350385,18605314817108,18605309817954,18605332104493,18605307574339,
0,12699920,18605287850310,18605287850310,-337075906,18605296552493,18605297925954,18605298820416,18605298953031,18605309974975,18605296545646,11013554,18605304740185,18605309937031,18605310722262,18605321625108,18605329147262,7052538,376923,18605329147262,18605323796723,18605354091800,18605321625108,
0,12699935,18605298880708,18605309894262,-548601876,18605311015185,18605312550262,18605313534569,18605313632416,18605321005373,18605311007185,11013554,18605318318339,18605323914031,18605324793031,18605335436493,18605342544108,6838154,350231,18605342544108,18605337531262,18605365117339,18605335436493,
0,12699957,18605320901769,18605320901769,-337068596,18605325083569,18605326730031,18605327471800,18605327683569,18605343026265,18605325081339,11013385,18605332828493,18605337667185,18605338458877,18605348953646,18605355922646,6894077,361538,18605355922646,18605351022262,18605376127800,18605348953646,
0,12699972,18605331908547,18605331908547,-799268247,18605338775877,18605340208416,18605341289723,18605341429723,18605354032672,18605338772108,11013014,18605346637646,18605351156185,18605351945416,18605362009108,18605369394262,6440615,513231,18605369394262,18605364370339,18605387161339,18605362009108,
0,12699987,18605342921561,18605342921561,0,18605352275262,18605352372723,18605353553954,18605353768493,18605365045686,18605352272723,11013014,18605357881723,18605364566646,18605365566877,18605375928416,18605383564800,6937000,375769,18605383564800,18605378392108,18605409159800,18605375928416,
0,12700002,18605353933042,18605364945930,-233177411,18605365841416,18605367589416,18605367841723,18605367998339,18605376057041,18605365832493,11012888,18605372884800,18605378516800,18605379297031,18605390575262,18605397884800,7587307,376308,18605397884800,18605392806569,18605420168108,18605390575262,
0,12700024,18605375943360,18605375943360,-891409423,18605379676108,18605381674877,18605382469416,18605382632185,18605398066516,18605379673416,11012045,18605387806954,18605392936493,18605393703569,18605406174569,18605413838262,8771769,473231,18605413838262,18605408546954,18605431201416,18605406174569,
0,12700039,18605386951914,18605386951914,-1048082537,18605394161416,18605395780493,18605396897108,18605397011493,18605409074871,18605394157723,11011846,18605401945954,18605408692416,18605409664723,18605421060108,18605428591569,6904308,443769,18605428591569,18605423286646,18605453218569,18605421060108,
0,12700054,18605397963760,18605408975606,-135851995,18605410025108,18605411489339,18605412561954,18605412718262,18605420086717,18605410016108,11011846,18605417517416,18605423423493,18605424679493,18605433905031,18605441340723,5274770,362230,18605441340723,18605436153108,18605464235185,18605433905031,
0,12700076,18605419988077,18605419988077,-175593930,18605425294954,18605426808723,18605427700493,18605427886031,18605442111134,18605425291877,11011946,18605433855800,18605436294262,18605437186877,18605447817416,18605455109416,7042769,364616,18605455109416,18605449799877,18605475225723,18605447817416,
0,12700091,18605430993363,18605430993363,0,18605437448493,18605437538877,18605438234569,18605438335493,18605453115979,18605437445646,11011505,18605442864108,18605449922954,18605450693954,18605461262646,18605469358569,7138846,468385,18605469358569,18605463621723,18605497312416,18605461262646,
0,12700106,18605442004868,18605442004868,-849605129,18605450932493,18605452465646,18605452871262,18605452956723,18605464127484,18605450929646,11011505,18605456948108,18605463786646,18605465029339,18605477069723,18605485033954,8214461,366461,18605485033954,18605479305108,18605508263262,18605477069723,
0,12700121,18605453014947,18605464026264,-765892071,18605465267800,18605466782031,18605468137108,18605468229646,18605475137375,18605465257723,11011317,18605472429339,18605479429416,18605480303800,18605492737416,18605500662954,7056308,838154,18605500662954,18605496118646,18605519264493,18605492737416,
0,12700143,18605475036741,18605475036741,-402590382,18605481701646,18605481729108,18605483183493,18605483289339,18605497158993,18605481691493,11011141,18605487783877,18605496287569,18605497124416,18605505209339,18605513221723,3518847,372692,18605513221723,18605507488723,18605530302031,18605505209339,
0,12700158,18605486047882,18605497059023,0,18605497911185,18605497914877,18605499869031,18605499961723,18605508170134,18605497895185,11011141,18605504641031,18605507619800,18605508490262,18605517239877,18605525310569,5207692,431769,18605525310569,18605519757646,18605552340416,18605517239877,
0,12700181,18605508081593,18605508081593,0,18605508656800,18605508657954,18605509608723,18605509845954,18605530204471,18605508655262,11011767,18605513972723,18605519886262,18605520715877,18605529466646,18605536365723,5081846,461307,18605536365723,18605532127262,18603867727262,18605529466646,
0,12700195,18605519088662,18605519088662,0,18605521740108,18605521742262,18605524193108,18605524316185,18605541211268,18605521733108,11011495,18605529616108,18605532329339,18605533428416,18605549732416,18605557443262,12163923,1092539,18605557443262,18605552863493,18603878774646,18605549732416,
0,12700210,18605530091415,18605530091415,0,18605533908493,18605533910339,18605535496493,18605535622954,18605541202526,18605533903262,11010905,18605542958262,18605553033954,18605553928493,18605560688416,18605567535877,2979077,372538,18605567535877,18605562998031,18603889761723,18605560688416,
0,12700225,18605541102320,18605552113225,0,18605554355800,18605554357646,18605555750646,18605555903262,18605552213431,18605554343493,11010905,18605560931185,18605563135877,18605564105339,18605579577723,18603887959492,11051461,406230,18603887959492,18605580966954,18603911774877,18605579577723,
---PROFILEDATA---


View hierarchy:

  com.anonymous.ecobudmobile/com.anonymous.ecobudmobile.MainActivity/android.view.ViewRootImpl@3ac6094
  188 views, 370.63 kB of render nodes


Total ViewRootImpl   : 1
Total attached Views : 188
Total RenderNode     : 370.63 kB (used) / 1253.87 kB (capacity)

  ProcessConfig={1.1 ?mcc?mnc [en_PH] ldltr sw411dp w411dp h833dp 280dpi nrml long port night finger -keyb/v/h -nav/h winConfig={ mBounds=Rect(0, 0 - 720, 1600) mAppBounds=Rect(0, 58 - 720, 1516) mMaxBounds=Rect(0, 0 - 720, 1600) mDisplayRotation=ROTATION_0 mWindowingMode=fullscreen mDisplayWindowingMode=fullscreen mActivityType=undefined mAlwaysOnTop=undefined mRotation=ROTATION_0 mPopOver=off mStageConfig=undefined mFreeformTaskPinningState=unpinned mFreeformStashState=undefined} s.57 fontWeightAdjustment=0 ff=0 bf=0 bts=0 themeSeq=0 nightDim=0}
  Application ResourcesConfig={1.1 ?mcc?mnc [en_PH] ldltr sw411dp w411dp h833dp 280dpi nrml long port night finger -keyb/v/h -nav/h winConfig={ mBounds=Rect(0, 0 - 720, 1600) mAppBounds=Rect(0, 58 - 720, 1516) mMaxBounds=Rect(0, 0 - 720, 1600) mDisplayRotation=ROTATION_0 mWindowingMode=fullscreen mDisplayWindowingMode=fullscreen mActivityType=undefined mAlwaysOnTop=undefined mRotation=ROTATION_0 mPopOver=off mStageConfig=undefined mFreeformTaskPinningState=unpinned mFreeformStashState=undefined} s.57 fontWeightAdjustment=0 ff=0 bf=0 bts=0 themeSeq=0 nightDim=0}
