Applications Graphics Acceleration Info:
Uptime: 18600893 Realtime: 19985252

** Graphics info for pid 27549 [com.anonymous.ecobudmobile] **

Stats since: 18596578215492ns
Total frames rendered: 307
Janky frames: 307 (100.00%)
Janky frames (legacy): 307 (100.00%)
50th percentile: 32ms
90th percentile: 42ms
95th percentile: 44ms
99th percentile: 48ms
Number Missed Vsync: 68
Number High input latency: 223
Number Slow UI thread: 306
Number Slow bitmap uploads: 3
Number Slow issue draw commands: 307
Number Frame deadline missed: 307
Number Frame deadline missed (legacy): 84
HISTOGRAM: 5ms=0 6ms=0 7ms=0 8ms=0 9ms=0 10ms=0 11ms=0 12ms=0 13ms=0 14ms=0 15ms=0 16ms=0 17ms=0 18ms=0 19ms=0 20ms=0 21ms=0 22ms=2 23ms=2 24ms=1 25ms=4 26ms=5 27ms=13 28ms=12 29ms=16 30ms=22 31ms=26 32ms=51 34ms=50 36ms=36 38ms=18 40ms=18 42ms=13 44ms=4 46ms=4 48ms=8 53ms=0 57ms=0 61ms=0 65ms=0 69ms=2 73ms=0 77ms=0 81ms=0 85ms=0 89ms=0 93ms=0 97ms=0 101ms=0 105ms=0 109ms=0 113ms=0 117ms=0 121ms=0 125ms=0 129ms=0 133ms=0 150ms=0 200ms=0 250ms=0 300ms=0 350ms=0 400ms=0 450ms=0 500ms=0 550ms=0 600ms=0 650ms=0 700ms=0 750ms=0 800ms=0 850ms=0 900ms=0 950ms=0 1000ms=0 1050ms=0 1100ms=0 1150ms=0 1200ms=0 1250ms=0 1300ms=0 1350ms=0 1400ms=0 1450ms=0 1500ms=0 1550ms=0 1600ms=0 1650ms=0 1700ms=0 1750ms=0 1800ms=0 1850ms=0 1900ms=0 1950ms=0 2000ms=0 2050ms=0 2100ms=0 2150ms=0 2200ms=0 2250ms=0 2300ms=0 2350ms=0 2400ms=0 2450ms=0 2500ms=0 2550ms=0 2600ms=0 2650ms=0 2700ms=0 2750ms=0 2800ms=0 2850ms=0 2900ms=0 2950ms=0 3000ms=0 3050ms=0 3100ms=0 3150ms=0 3200ms=0 3250ms=0 3300ms=0 3350ms=0 3400ms=0 3450ms=0 3500ms=0 3550ms=0 3600ms=0 3650ms=0 3700ms=0 3750ms=0 3800ms=0 3850ms=0 3900ms=0 3950ms=0 4000ms=0 4050ms=0 4100ms=0 4150ms=0 4200ms=0 4250ms=0 4300ms=0 4350ms=0 4400ms=0 4450ms=0 4500ms=0 4550ms=0 4600ms=0 4650ms=0 4700ms=0 4750ms=0 4800ms=0 4850ms=0 4900ms=0 4950ms=0
50th gpu percentile: 9ms
90th gpu percentile: 10ms
95th gpu percentile: 11ms
99th gpu percentile: 12ms
GPU HISTOGRAM: 1ms=0 2ms=0 3ms=0 4ms=0 5ms=5 6ms=13 7ms=37 8ms=78 9ms=58 10ms=87 11ms=17 12ms=10 13ms=2 14ms=0 15ms=0 16ms=0 17ms=0 18ms=0 19ms=0 20ms=0 21ms=0 22ms=0 23ms=0 24ms=0 25ms=0 4950ms=0

Pipeline=Skia (OpenGL)
CPU Caches:
  Glyph Cache: 248.80 KB (1 entry)
  skia/sk_resource_cache/mipmap_0xb400007992aa0b00: 15.45 KB (1 entry)
  Glyph Count: 154 
Total CPU memory usage:
  270595 bytes, 264.25 KB (0.00 bytes is purgeable)
GPU Caches:
  Other:
    Other: 28.67 KB (1 entry)
    StencilAttachment: 4.00 KB (1 entry)
    Buffer Object: 2.50 KB (4 entries)
  Image:
    Texture: 23.93 MB (8 entries)
  Scratch:
    RenderTarget: 4.31 MB (1 entry)
    Texture: 4.00 MB (3 entries)
    Buffer Object: 48.00 KB (1 entry)
Total GPU memory usage:
  33892228 bytes, 32.32 MB (7.57 KB is purgeable)

Profile data in ms:

	com.anonymous.ecobudmobile/com.anonymous.ecobudmobile.MainActivity/android.view.ViewRootImpl@3ac6094 (visibility=0)
Window: com.anonymous.ecobudmobile/com.anonymous.ecobudmobile.MainActivity
Stats since: 18596578214877ns
Total frames rendered: 307
Janky frames: 307 (100.00%)
Janky frames (legacy): 307 (100.00%)
50th percentile: 32ms
90th percentile: 42ms
95th percentile: 44ms
99th percentile: 48ms
Number Missed Vsync: 68
Number High input latency: 223
Number Slow UI thread: 306
Number Slow bitmap uploads: 3
Number Slow issue draw commands: 307
Number Frame deadline missed: 307
Number Frame deadline missed (legacy): 84
HISTOGRAM: 5ms=0 6ms=0 7ms=0 8ms=0 9ms=0 10ms=0 11ms=0 12ms=0 13ms=0 14ms=0 15ms=0 16ms=0 17ms=0 18ms=0 19ms=0 20ms=0 21ms=0 22ms=2 23ms=2 24ms=1 25ms=4 26ms=5 27ms=13 28ms=12 29ms=16 30ms=22 31ms=26 32ms=51 34ms=50 36ms=36 38ms=18 40ms=18 42ms=13 44ms=4 46ms=4 48ms=8 53ms=0 57ms=0 61ms=0 65ms=0 69ms=2 73ms=0 77ms=0 81ms=0 85ms=0 89ms=0 93ms=0 97ms=0 101ms=0 105ms=0 109ms=0 113ms=0 117ms=0 121ms=0 125ms=0 129ms=0 133ms=0 150ms=0 200ms=0 250ms=0 300ms=0 350ms=0 400ms=0 450ms=0 500ms=0 550ms=0 600ms=0 650ms=0 700ms=0 750ms=0 800ms=0 850ms=0 900ms=0 950ms=0 1000ms=0 1050ms=0 1100ms=0 1150ms=0 1200ms=0 1250ms=0 1300ms=0 1350ms=0 1400ms=0 1450ms=0 1500ms=0 1550ms=0 1600ms=0 1650ms=0 1700ms=0 1750ms=0 1800ms=0 1850ms=0 1900ms=0 1950ms=0 2000ms=0 2050ms=0 2100ms=0 2150ms=0 2200ms=0 2250ms=0 2300ms=0 2350ms=0 2400ms=0 2450ms=0 2500ms=0 2550ms=0 2600ms=0 2650ms=0 2700ms=0 2750ms=0 2800ms=0 2850ms=0 2900ms=0 2950ms=0 3000ms=0 3050ms=0 3100ms=0 3150ms=0 3200ms=0 3250ms=0 3300ms=0 3350ms=0 3400ms=0 3450ms=0 3500ms=0 3550ms=0 3600ms=0 3650ms=0 3700ms=0 3750ms=0 3800ms=0 3850ms=0 3900ms=0 3950ms=0 4000ms=0 4050ms=0 4100ms=0 4150ms=0 4200ms=0 4250ms=0 4300ms=0 4350ms=0 4400ms=0 4450ms=0 4500ms=0 4550ms=0 4600ms=0 4650ms=0 4700ms=0 4750ms=0 4800ms=0 4850ms=0 4900ms=0 4950ms=0
50th gpu percentile: 9ms
90th gpu percentile: 10ms
95th gpu percentile: 11ms
99th gpu percentile: 12ms
GPU HISTOGRAM: 1ms=0 2ms=0 3ms=0 4ms=0 5ms=5 6ms=13 7ms=37 8ms=78 9ms=58 10ms=87 11ms=17 12ms=10 13ms=2 14ms=0 15ms=0 16ms=0 17ms=0 18ms=0 19ms=0 20ms=0 21ms=0 22ms=0 23ms=0 24ms=0 25ms=0 4950ms=0



---PROFILEDATA---
Flags,FrameTimelineVsyncId,IntendedVsync,Vsync,InputEventId,HandleInputStart,AnimationStart,PerformTraversalsStart,DrawStart,FrameDeadline,FrameInterval,FrameStartTime,SyncQueued,SyncStart,IssueDrawCommandsStart,SwapBuffers,FrameCompleted,DequeueBufferDuration,QueueBufferDuration,GpuCompleted,SwapBuffersCompleted,DisplayPresentTime,CommandSubmissionCompleted,
0,12692599,18599220353035,18599220353035,0,18599220925108,18599220926646,18599221351492,18599221679877,18599242476871,18599220920108,11012725,18599227154031,18599232979800,18599233678031,18599244798877,18599252446338,7207615,387000,18599252446338,18599247129031,18599275603184,18599244798877,
0,12692613,18599231368853,18599231368853,0,18599233866261,18599233867184,18599234269031,18599234398954,18599253492793,18599233863184,11012829,18599240089646,18599247257415,18599248037031,18599259065338,18599266778646,7551077,383769,18599266778646,18599261175492,18599286653646,18599259065338,
0,12692628,18599242381646,18599242381646,0,18599248235569,18599248236415,18599249225723,18599249353954,18599264505501,18599248233108,11012744,18599254656415,18599261308108,18599262031800,18599274241415,18599281905723,7894154,395385,18599281905723,18599276333646,18599308641108,18599274241415,
0,12692643,18599253394390,18599253394390,0,18599262403569,18599262404723,18599264222646,18599264326338,18599275518245,18599262400184,11012744,18599270119261,18599276486646,18599277315877,18599288618031,18599296438954,5320923,603693,18599296438954,18599291077646,18599319681108,18599288618031,
0,12692658,18599264409061,18599275421841,0,18599278022646,18599278027261,18599280505415,18599280669031,18599286532952,18599278002261,11012780,18599286197646,18599291294031,18599292753954,18599304585954,18599313030877,6647385,639616,18599313030877,18599308100723,18599330666954,18599304585954,
0,12692680,18599286436692,18599286436692,0,18599293259184,18599293261723,18599294980723,18599295072723,18599308560730,18599293254954,11012927,18599301760723,18599308381723,18599309199569,18599315033031,18599323188415,2742461,525462,18599323188415,18599317666338,18599341706569,18599315033031,
0,12692695,18599297449619,18599308462546,-978733691,18599311264108,18599311265338,18599312333646,18599312436415,18599319573657,18599311256415,11012927,18599317079492,18599317845723,18599319314646,18599329017646,18599339606261,5431692,359770,18599339606261,18599330469338,18599352703261,18599329017646,
0,12692718,18599319484135,18599319484135,-13804441,18599320371800,18599322170877,18599323477723,18599323570954,18599341608893,18599320358569,11013647,18599328301723,18599330591877,18599331343184,18599340120723,18599349915877,5545308,358154,18599349915877,18599341358261,18599363729646,18599340120723,
0,12692733,18599330497167,18599330497167,-92346502,18599331597031,18599332431569,18599332833954,18599332983877,18599352621853,18599331594569,11013575,18599336964800,18599341488800,18599342341031,18599351873646,18599363072184,5799462,397538,18599363072184,18599353118569,18599385744184,18599351873646,
0,12692748,18599341504727,18599341504727,-130902641,18599343526338,18599345111261,18599345405723,18599345507800,18599363629084,18599343520184,11013246,18599349524492,18599353250338,18599354082646,18599365269646,18599373561031,7923154,372692,18599373561031,18599367377723,18599396760415,18599365269646,
0,12692762,18599352520678,18599352520678,-138042830,18599354402338,18599355397646,18599357268415,18599357365031,18599374645235,18599354397954,11013446,18599361894031,18599367514261,18599368348492,18599379193646,18599387591569,7724923,361616,18599387591569,18599381242338,18599407763184,18599379193646,
0,12692777,18599363530101,18599363530101,-911255226,18599368634646,18599369454569,18599370270261,18599370368800,18599385654388,18599368632492,11013176,18599374747184,18599381382569,18599382141415,18599392696415,18599401293646,7314154,402538,18599401293646,18599394793031,18599418794031,18599392696415,
0,12692792,18599374543277,18599374543277,-617581186,18599382418646,18599383288723,18599384988108,18599385088723,18599396667564,18599382416415,11013176,18599389309031,18599394924492,18599395613646,18599405655184,18599414321723,6876692,312000,18599414321723,18599407762261,18599440824108,18599405655184,
0,12692807,18599385557919,18599385557919,0,18599395893646,18599395985031,18599396831800,18599396936415,18599407682305,18599395890954,11013275,18599401581415,18599407921338,18599408729338,18599418673031,18599426403800,6849846,536230,18599426403800,18599421563877,18599451889338,18599418673031,
0,12692822,18599396567571,18599407580602,-126942449,18599408990877,18599410308108,18599410850261,18599411008415,18599418691713,18599408984108,11013031,18599415133646,18599421831184,18599423123877,18599439866338,18599448992800,13488616,454153,18599448992800,18599442135800,18599473889031,18599439866338,
0,12692844,18599418588198,18599418588198,-1070945715,18599423445031,18599424909031,18599426380415,18599426531800,18599440711981,18599423440492,11012672,18599432689646,18599442290338,18599443248415,18599454413954,18599463622954,7345538,452538,18599463622954,18599456647261,18599484865338,18599454413954,
0,12692859,18599429600870,18599440613542,-803053898,18599443602954,18599446062954,18599447151800,18599447520415,18599451724653,18599443593031,11012672,18599453566338,18599456830031,18599457799184,18599469396723,18599478565415,7737000,327692,18599478565415,18599471520415,18599495898877,18599469396723,
0,12692881,18599451630192,18599451630192,-674553305,18599458134261,18599459177954,18599460998646,18599461157338,18599473754158,18599458130954,11012855,18599465157031,18599471644415,18599472519800,18599482975184,18599492476108,6749154,424077,18599492476108,18599485241031,18599517911569,18599482975184,
0,12692896,18599462643047,18599462643047,0,18599472824108,18599472917108,18599473710569,18599473912108,18599484767013,18599472821415,11012855,18599478132415,18599485364800,18599486065723,18599496582954,18599505845723,7055616,355769,18599505845723,18599498612184,18599528962031,18599496582954,
0,12692911,18599473671440,18599484685098,-52388684,18599486317954,18599488215800,18599488778338,18599488908723,18599495796209,18599486311800,11013658,18599492985415,18599498745415,18599499517031,18599512619569,18599521967492,9615385,363692,18599521967492,18599514869031,18599539943569,18599512619569,
0,12692933,18599495697211,18599495697211,-820792063,18599499737108,18599500736800,18599501773646,18599501897415,18599517821791,18599499734646,11013469,18599506612184,18599514998569,18599515736723,18599525778569,18599536468800,6147076,595769,18599536468800,18599528734338,18599561999184,18599525778569,
0,12692948,18599506710680,18599506710680,-93641429,18599516059261,18599517531492,18599518467492,18599518563800,18599528835260,18599516056723,11013469,18599522578646,18599529033415,18599530439184,18599542615184,18599552062338,8575616,409230,18599552062338,18599544684800,18599573003569,18599542615184,
0,12692963,18599517727722,18599528741438,-415859343,18599530899492,18599533454261,18599534514569,18599534734031,18599539852549,18599530885954,11013716,18599539785108,18599544818338,18599545545646,18599556080108,18599565636723,7008616,438154,18599565636723,18599558342261,18599583998646,18599556080108,
0,12692985,18599539762351,18599539762351,-748475942,18599545829723,18599546761415,18599548249338,18599548416184,18599561887675,18599545827261,11014213,18599552103800,18599558492800,18599559373646,18599569656108,18599579294031,6606077,367770,18599579294031,18599571786261,18599595028492,18599569656108,
0,12693000,18599550776564,18599550776564,0,18599559693723,18599559810338,18599561160184,18599561351261,18599572901888,18599559689723,11014213,18599565572184,18599571911877,18599572666646,18599581906646,18599591769338,5772000,476385,18599591769338,18599584319261,18599606033646,18599581906646,
0,12693015,18599561791476,18599572805850,-276518459,18599573016723,18599574809108,18599575154031,18599575256723,18599583916961,18599572998954,11014374,18599579545338,18599584446031,18599585254031,18599595610646,18599605117338,6598846,367307,18599605117338,18599597839569,18599628120800,18599595610646,
0,12693037,18599583826818,18599583826818,-562681584,18599585446569,18599586828108,18599588239569,18599588396800,18599605952732,18599585444492,11014803,18599593632800,18599597973954,18599598754877,18599610520108,18599619673415,7903692,451307,18599619673415,18599612724108,18599639104108,18599610520108,
0,12693052,18599594836144,18599594836144,-466665429,18599599184723,18599600363492,18599601195800,18599601345338,18599616961741,18599599180415,11014486,18599606214569,18599612880415,18599613595569,18599623542877,18599632981108,6154154,413846,18599632981108,18599625814954,18599650101031,18599623542877,
0,12693067,18599605850630,18599605850630,-396699362,18599613857646,18599614992108,18599616189108,18599616284800,18599627976227,18599613855261,11014486,18599620130569,18599625960184,18599626777108,18599636576723,18599645860492,6411692,408615,18599645860492,18599638813108,18599661145338,18599636576723,
0,12693082,18599616862948,18599616862948,0,18599627086569,18599627189415,18599628681723,18599628834569,18599638988433,18599627083877,11014374,18599633176492,18599638950954,18599639764492,18599650195569,18599659598031,6726538,431077,18599659598031,18599652334646,18599683175492,18599650195569,
0,12693097,18599627877322,18599638891696,-461833235,18599640043800,18599642127569,18599642485723,18599642643569,18599650002807,18599639998877,11014374,18599647151184,18599652457415,18599653217031,18599664917646,18599673838877,7630154,360077,18599673838877,18599666851569,18599694171800,18599664917646,
0,12693119,18599649920334,18599649920334,-950653535,18599653427261,18599655347877,18599656645031,18599657114338,18599672046535,18599653424723,11015090,18599662261646,18599666984723,18599667816108,18599677475800,18599687040415,6169153,403769,18599687040415,18599680077415,18599705206569,18599677475800,
0,12693134,18599660934376,18599660934376,-1045056938,18599668189338,18599669731877,18599670765338,18599670914569,18599683060577,18599668186877,11015090,18599675861031,18599680196184,18599680998569,18599692059800,18599701613646,6793769,534846,18599701613646,18599694553954,18599727231261,18599692059800,
0,12693149,18599671949466,18599671949466,0,18599681239492,18599681344184,18599682346646,18599682549954,18599694075667,18599681236492,11015090,18599687073723,18599694708723,18599695613338,18599707725646,18599716908800,7769538,372615,18599716908800,18599709734338,18599738219492,18599707725646,
0,12693164,18599682967927,18599693983156,-272857683,18599696199492,18599698585415,18599698799492,18599698980108,18599705094267,18599696186031,11015229,18599704256723,18599709871184,18599710742569,18599723094954,18599732135184,8804846,442462,18599732135184,18599725241646,18599749269415,18599723094954,
0,12693186,18599704998153,18599704998153,-500116212,18599711007261,18599712429031,18599714133954,18599714311569,18599727124372,18599711004492,11015108,18599718602877,18599725413954,18599726336492,18599737646954,18599746662031,7326154,367769,18599746662031,18599739797338,18599771262877,18599737646954,
0,12693201,18599716013261,18599727028369,-22593279,18599729085415,18599729109108,18599732729415,18599732817646,18599738139480,18599729070877,11015108,18599737404492,18599739918877,18599740729646,18599751470877,18599760687877,6756692,367462,18599760687877,18599753706031,18599782289108,18599751470877,
0,12693223,18599738048194,18599738048194,0,18599741128108,18599741129415,18599741421954,18599741563877,18599760174608,18599741125031,11015303,18599746858261,18599753872492,18599754678338,18599765298338,18599774203569,6818539,364692,18599774203569,18599767230569,18599793326338,18599765298338,
0,12693238,18599749065989,18599749065989,0,18599754870569,18599754871492,18599755268108,18599755398338,18599771192791,18599754868108,11015691,18599760825646,18599767397108,18599768263800,18599778013954,18599787029646,6182153,420615,18599787029646,18599780201646,18599804312108,18599778013954,
0,12693253,18599760081680,18599760081680,0,18599768511184,18599768512492,18599770502261,18599770606646,18599782208482,18599768505415,11015691,18599775228492,18599780329031,18599781060184,18599791564800,18599801242569,5653154,777538,18599801242569,18599794873338,18599826383569,18599791564800,
0,12693268,18599771103852,18599771103852,0,18599781381031,18599781383261,18599783123261,18599783226877,18599793231099,18599781374646,11016136,18599787940184,18599795109031,18599796181338,18599808778646,18599818029646,4073231,594692,18599818029646,18599811659800,18599837365954,18599808778646,
0,12693290,18599793124654,18599793124654,0,18599796555261,18599796557108,18599798954569,18599799231800,18599815251319,18599796549954,11015554,18599815791492,18599816093723,18599817542954,18599829512184,18599836237415,2600615,359077,18599836237415,18599830902569,18599848335261,18599829512184,
0,12693305,18599804140511,18599815155999,0,18599817950646,18599817952723,18599819715492,18599819890031,18599826267110,18599817918954,11015488,18599830273338,18599831070569,18599832083492,18599840332723,18599851346954,2710461,371769,18599851346954,18599841650954,18599870360723,18599840332723,
0,12693327,18599826169615,18599826169615,0,18599832594338,18599832596108,18599833670877,18599833778877,18599848296213,18599832591569,11015487,18599839272492,18599841773723,18599842502031,18599853422338,18599865817723,6510538,370462,18599865817723,18599855632800,18599881373031,18599853422338,
0,12693342,18599837188209,18599837188209,-113255039,18599846498954,18599846500415,18599847435877,18599847530877,18599859314887,18599846495800,11015567,18599851688800,18599855769954,18599856706338,18599866667800,18599876822261,6030384,328538,18599876822261,18599867479800,18599892407800,18599866667800,
0,12693357,18599848203776,18599848203776,0,18599857160800,18599857240108,18599858735184,18599858903261,18599870330410,18599857157723,11015523,18599862897723,18599867603261,18599868366877,18599878385646,18599888563492,5648000,329616,18599888563492,18599879693415,18599903430877,18599878385646,
0,12693372,18599859217507,18599859217507,-701765559,18599868671184,18599870566569,18599870983800,18599871204184,18599881344141,18599868664723,11015523,18599875470569,18599879821954,18599880621108,18599890958569,18599900142261,5678461,508077,18599900142261,18599892832108,18599925475800,18599890958569,
0,12693395,18599881219371,18599881219371,-853110903,18599881684415,18599883209646,18599884039569,18599884202646,18599903344458,18599881676723,11013976,18599888716108,18599892982954,18599893931569,18599905667800,18599911436108,7225538,385461,18599911436108,18599907990261,18599936486646,18599905667800,
0,12693409,18599892221471,18599892221471,-1017140725,18599894258877,18599895934031,18599897134877,18599897294877,18599914345848,18599894256184,11013266,18599901681338,18599908176184,18599909034031,18599920126338,18599925794569,7269461,421923,18599925794569,18599922110569,18599947463877,18599920126338,
0,12693424,18599903227395,18599903227395,-296130670,18599909303184,18599910400415,18599911749723,18599911856108,18599925351189,18599909300108,11012683,18599916089031,18599922240415,18599923019800,18599932487185,18599939203261,5814230,365308,18599939203261,18599935159569,18599958472415,18599932487185,
0,12693439,18599914240078,18599914240078,0,18599923305108,18599923502569,18599924747261,18599924852800,18599936363872,18599923298954,11012683,18599929234877,18599935290646,18599936085415,18599945512800,18599951439185,5883769,407692,18599951439185,18599947571877,18599980519492,18599945512800,
0,12693454,18599925256072,18599936268986,-731971585,18599936698261,18599938452415,18599938864415,18599938973031,18599947380097,18599936683800,11012914,18599943192723,18599947718646,18599948625415,18599957632492,18599962417646,5926077,396231,18599962417646,18599959786569,18599991555492,18599957632492,
0,12693476,18599947285426,18599947285426,-842405517,18599948860723,18599950367261,18599951249338,18599951347261,18599969409401,18599948857954,11012864,18599955431492,18599959917646,18599960832108,18599975088185,18599981320800,10954538,524615,18599981320800,18599977472492,18600002535569,18599975088185,
0,12693491,18599958294160,18599958294160,-843751791,18599961113646,18599962406261,18599963340723,18599963529108,18599980417912,18599961110646,11012641,18599968536723,18599977657954,18599979677646,18599988062338,18599994446877,4203692,598461,18599994446877,18599990514954,18600013602338,18599988062338,
0,12693506,18599969306801,18599969306801,-998672866,18599979981108,18599981055492,18599982058261,18599982163800,18599991430553,18599979978646,11012641,18599987395569,18599990760723,18599993136492,18600001438569,18600008375800,3709923,394385,18600008375800,18600004105031,18600024606261,18600001438569,
0,12693536,18599991326905,18599991326905,-833499581,18599993401646,18599994659569,18599995550954,18599995764800,18600013450321,18599993399800,11012305,18600000809723,18600004250646,18600005100185,18600014153646,18600020639800,5390154,422153,18600020639800,18600016222646,18600046618569,18600014153646,
0,12693550,18600002346292,18600002346292,-826196456,18600005503877,18600007215800,18600008174569,18600008357415,18600024470081,18600005496108,11012678,18600012550338,18600016369646,18600017145646,18600028586261,18600035477415,7742769,474462,18600035477415,18600030842031,18600057618261,18600028586261,
0,12693565,18600013358027,18600013358027,-102571275,18600017424415,18600018244492,18600019093338,18600019193338,18600035481795,18600017422261,11012657,18600024815800,18600031021031,18600031922031,18600041945031,18600048595569,6552616,388923,18600048595569,18600044089338,18600068635261,18600041945031,
0,12693581,18600024370684,18600024370684,-1055432254,18600032277723,18600034034954,18600035018261,18600035188492,18600046494729,18600032274646,11012934,18600039376108,18600044219492,18600044956492,18600054847261,18600061605338,6288615,379308,18600061605338,18600056850569,18600079746954,18600054847261,
0,12693596,18600035390983,18600035390983,0,18600045324723,18600045410954,18600046418646,18600046627569,18600057515028,18600045322338,11012934,18600050893031,18600056979492,18600057786877,18600068207569,18600075422569,7086385,377231,18600075422569,18600070673031,18600101665338,18600068207569,
0,12693611,18600046413663,18600057427188,-60100611,18600058040185,18600059580185,18600060158877,18600060344415,18600068538299,18600058033646,11013525,18600064795261,18600070797646,18600071552415,18600082687569,18600089781108,7335000,375154,18600089781108,18600084848492,18600112697646,18600082687569,
0,12693633,18600068441292,18600068441292,-65683120,18600071765723,18600073582031,18600074471261,18600074634954,18600090565938,18600071762646,11013535,18600078757108,18600084981108,18600085714646,18600095553031,18600102685723,5889769,355307,18600102685723,18600097593031,18600123690569,18600095553031,
0,12693648,18600079458508,18600079458508,-904520046,18600086072723,18600087583492,18600088799492,18600088933031,18600101583507,18600086066569,11013888,18600093564108,18600097719185,18600098522646,18600107560185,18600114944492,5530692,329307,18600114944492,18600109856185,18600134698569,18600107560185,
0,12693663,18600090472396,18600090472396,0,18600098826338,18600098999877,18600100417415,18600100507492,18600112597395,18600098823185,11013888,18600104628492,18600109984800,18600110768723,18600120947492,18600127968415,6552616,344616,18600127968415,18600122855261,18600145758031,18600120947492,
0,12693678,18600101508257,18600101508257,-898585420,18600111030646,18600112539877,18600113058261,18600113159492,18600123634402,18600111028108,11015034,18600117324800,18600122982261,18600123733108,18600134089723,18600142563261,6119000,380385,18600142563261,18600137110877,18600167777954,18600134089723,
0,12693693,18600112523585,18600123538950,-106103639,18600123964723,18600125398569,18600126348723,18600126525415,18600134650061,18600123954261,11015365,18600130757646,18600137234954,18600138151800,18600147907569,18600155342646,6072384,379692,18600155342646,18600150015877,18600178804108,18600147907569,
0,12693715,18600134546018,18600134546018,-115413144,18600138806261,18600140547877,18600141763800,18600141883877,18600156672204,18600138796415,11015075,18600146304108,18600150144415,18600150888800,18600162729954,18600170577954,8035000,406231,18600170577954,18600165076492,18600189844723,18600162729954,
0,12693730,18600145550608,18600145550608,-405131567,18600151165108,18600152050031,18600153124800,18600153382338,18600167676149,18600151162569,11014430,18600157870646,18600165212108,18600166031800,18600178011185,18600185360185,7293154,337154,18600185360185,18600180104415,18600211886261,18600178011185,
0,12693745,18600156565038,18600156565038,0,18600166590877,18600166737338,18600168290877,18600168467185,18600178690579,18600166587492,11014430,18600172820723,18600180234877,18600180939800,18600191090877,18600197592185,6692077,477538,18600197592185,18600193593415,18600222813415,18600191090877,
0,12693760,18600167578986,18600178593257,-119823374,18600181199492,18600182436800,18600183060723,18600183161108,18600189704368,18600181191800,11014271,18600187296800,18600193854031,18600195319492,18600208385646,18600216731800,9903154,504308,18600216731800,18600210731261,18600233845031,18600208385646,
0,12693782,18600189611268,18600189611268,-889219653,18600195625415,18600197264415,18600198956492,18600199593031,18600211736803,18600195622569,11014424,18600203986569,18600210935185,18600212453338,18600224356800,18600231601338,8280384,354538,18600231601338,18600226338261,18600255905108,18600224356800,
0,12693797,18600200625692,18600211640116,-182365860,18600212908108,18600215595877,18600216641108,18600216772415,18600222751227,18600212897338,11014424,18600221322338,18600226486646,18600227206261,18600237426338,18600244941108,6660308,365615,18600244941108,18600239608185,18600266876492,18600237426338,
0,12693819,18600222679802,18600222679802,-285620941,18600227549031,18600229054646,18600229981338,18600230105954,18600244806791,18600227545954,11015878,18600234561415,18600239737415,18600240501415,18600250489031,18600257965723,6828308,438769,18600257965723,18600252526031,18600277906877,18600250489031,
0,12693834,18600233681444,18600233681444,0,18600240794338,18600240888723,18600241568723,18600241656108,18600255807642,18600240791569,11015087,18600246022877,18600252662338,18600253466646,18600266650877,18600274000415,7504000,603923,18600274000415,18600269213954,18600299942338,18600266650877,
0,12693849,18600244696531,18600244696531,-179525637,18600253722569,18600255123185,18600255675877,18600255880185,18600266822729,18600253719185,11015087,18600260647800,18600269468492,18600270394954,18600277491569,18600283969031,3759000,365154,18600283969031,18600280137723,18600310922569,18600277491569,
0,12693864,18600255701263,18600266715707,-52292260,18600272094338,18600272105723,18600273070031,18600273171261,18600277826818,18600272085954,11014444,18600278339492,18600280273338,18600281016723,18600295134338,18600303047569,11201846,460538,18600303047569,18600297250261,18600321960800,18600295134338,
0,12693886,18600277723958,18600277723958,0,18600281385031,18600281386031,18600281781108,18600281884800,18600299849158,18600281382646,11014089,18600286402569,18600297399261,18600298200415,18600307712185,18600315315877,5932693,393000,18600315315877,18600309857415,18600333068723,18600307712185,
0,12693901,18600288738047,18600288738047,0,18600298428723,18600298429723,18600299246261,18600299468108,18600310863247,18600298426261,11014089,18600304152108,18600309990031,18600310752723,18600320353338,18600328474646,6201846,388308,18600328474646,18600322946031,18600354983877,18600320353338,
0,12693916,18600299745202,18600310758798,0,18600310969954,18600310970646,18600312326954,18600312559800,18600321869909,18600310958261,11013596,18600316753338,18600323111185,18600323962646,18600338387800,18600346105108,7363077,601769,18600346105108,18600340959877,18600366000185,18600338387800,
0,12693938,18600321769074,18600321769074,0,18600324277646,18600324278569,18600325294261,18600325552723,18600343893730,18600324275185,11013545,18600330785954,18600341242569,18600342164723,18600348738569,18600359298569,3304231,355769,18600359298569,18600352108185,18600377017415,18600348738569,
0,12693953,18600332780997,18600332780997,0,18600342544800,18600342546569,18600345546338,18600345712492,18600354905534,18600342539877,11013426,18600357815261,18600358052800,18600358925415,18600364196185,18600374784415,2034385,362077,18600374784415,18600368715261,18600399037338,18600364196185,
0,12693968,18600343794423,18600354807849,0,18600359273415,18600359275261,18600360410261,18600360513646,18600365918960,18600359264415,11013426,18600371895800,18600372234877,18600373211492,18600382199185,18600392877646,4707154,375692,18600392877646,18600383538877,18600410068415,18600382199185,
0,12693990,18600365829208,18600376842776,-560791683,18600377150954,18600377153108,18600378383877,18600378514031,18600387953887,18600377135877,11013568,18600383138031,18600383661415,18600384399261,18600394069338,18600404064800,5575076,333538,18600404064800,18600394901031,18600421070877,18600394069338,
0,12694013,18600387862157,18600387862157,-215902537,18600388390877,18600389134031,18600389773031,18600389925646,18600409987498,18600388386877,11014230,18600394405338,18600395029415,18600395725108,18600405828415,18600417221338,5301307,350769,18600417221338,18600407284108,18600432074646,18600405828415,
0,12694028,18600398868211,18600398868211,-494716888,18600399379261,18600400896723,18600401382031,18600401560108,18600420993054,18600399374646,11013732,18600406385723,18600407408492,18600408220415,18600417009415,18600422868492,5611692,342385,18600422868492,18600418054261,18600443099185,18600417009415,
0,12694043,18600409875060,18600409875060,-821359660,18600410583800,18600411879261,18600413334954,18600413479800,18600431999521,18600410580108,11013350,18600417466877,18600418185723,18600418928185,18600428340800,18600434098338,5727385,329769,18600434098338,18600430798646,18600454117954,18600428340800,
0,12694058,18600420883582,18600420883582,-393332627,18600421472723,18600422382338,18600423301723,18600423397338,18600443007631,18600421470261,11012938,18600427945338,18600430933723,18600431760492,18600441398338,18600447008415,6477538,380308,18600447008415,18600443514954,18600476145415,18600441398338,
0,12694073,18600431888574,18600431888574,-922786191,18600432334338,18600433741108,18600434553723,18600434648492,18600454011980,18600432331800,11012295,18600438962877,18600443650954,18600444473031,18600454999185,18600459335492,6976923,375769,18600459335492,18600457168800,18600487140108,18600454999185,
0,12694087,18600442897271,18600442897271,-381295489,18600444806261,18600445764108,18600447118954,18600447212185,18600465020445,18600444803185,11012063,18600451531800,18600457309646,18600458093338,18600470020415,18600476281338,8697154,432230,18600476281338,18600472599261,18600498170338,18600470020415,
0,12694102,18600453908083,18600453908083,-286612795,18600458449954,18600459228108,18600460095569,18600460200415,18600476031104,18600458446877,11011910,18600464992492,18600472751877,18600473682954,18600485161954,18600491142954,7745615,376231,18600491142954,18600487180492,18600520182338,18600485161954,
0,12694117,18600464919993,18600464919993,-667216928,18600474091492,18600475867877,18600477019261,18600477112723,18600487043014,18600474088723,11011910,18600481630031,18600487331492,18600488525108,18600499239492,18600503964108,6829539,344000,18600503964108,18600501189338,18600531226954,18600499239492,
0,12694132,18600475933675,18600486945648,-503557705,18600488896723,18600490261646,18600491442877,18600491537031,18600498056759,18600488885723,11011973,18600496073723,18600501318569,18600502221108,18600514123569,18600520323569,8343461,369231,18600520323569,18600516289415,18600542200800,18600514123569,
0,12694154,18600497969099,18600497969099,-638610473,18600502565954,18600504189646,18600505408185,18600505819800,18600520093148,18600502562031,11012938,18600511742646,18600516417338,18600517201338,18600526545415,18600533249954,6450461,309769,18600533249954,18600528865415,18600553223569,18600526545415,
0,12694169,18600508982037,18600508982037,0,18600517490877,18600517597646,18600518456492,18600518698031,18600531106086,18600517487569,11012938,18600523330031,18600528991492,18600529732723,18600541201108,18600547903800,8202693,425538,18600547903800,18600543486261,18600575222954,18600541201108,
0,12694184,18600519991735,18600519991735,-21379231,18600530007492,18600530891492,18600531326646,18600531633723,18600542115468,18600530004723,11012622,18600536512723,18600543643261,18600544619185,18600556215185,18600562798569,7849154,362770,18600562798569,18600558337338,18600586245646,18600556215185,
0,12694199,18600531000497,18600542012836,-440582760,18600544917954,18600546616185,18600547787569,18600547892185,18600553123947,18600544904723,11012339,18600552792108,18600558477723,18600559282338,18600569833415,18600576781954,7064385,396384,18600576781954,18600572258031,18600597265108,18600569833415,
0,12694221,18600553027830,18600553027830,-816367455,18600559548492,18600560476185,18600561974261,18600562070646,18600575151361,18600559545723,11012420,18600566257646,18600572384185,18600573074954,18600582801031,18600589908800,5997000,392615,18600589908800,18600585106954,18600608275261,18600582801031,
0,12694236,18600564040250,18600564040250,0,18600573356185,18600573450646,18600574843569,18600574935261,18600586163781,18600573353338,11012420,18600579043261,18600585241108,18600585926877,18600595900492,18600602923492,6663385,375769,18600602923492,18600598047877,18600630279492,18600595900492,
0,12694251,18600575051074,18600586063371,-561790522,18600586173723,18600587588108,18600587961338,18600588095261,18600597174482,18600586167185,11012297,18600593127492,18600598182646,18600598911492,18600609596185,18600616651185,7118230,340846,18600616651185,18600611563261,18600641331877,18600609596185,
0,12694273,18600597062734,18600597062734,-621517095,18600599135492,18600600475800,18600601806031,18600601962877,18600619185317,18600599132185,11011472,18600606711185,18600611685954,18600612524723,18600622967877,18600630013954,7362231,359769,18600630013954,18600625276415,18600652301338,18600622967877,
0,12694288,18600608072870,18600608072870,-716093548,18600612848415,18600613906338,18600615017108,18600615311569,18600630195303,18600612845338,11011322,18600619711877,18600625416723,18600626150031,18600636478646,18600644183800,6819077,360615,18600644183800,18600638996185,18600663384800,18600636478646,
0,12694303,18600619084192,18600619084192,-64356985,18600626424108,18600627204492,18600628654877,18600628753108,18600641206625,18600626421108,11011322,18600633152492,18600639149723,18600639972415,18600650271877,18600657460108,6947000,405230,18600657460108,18600652339877,18600685371185,18600650271877,
0,12694318,18600630108568,18600630108568,0,18600640351877,18600640464492,18600641878338,18600642118569,18600652232090,18600640348415,11012411,18600646374569,18600652505338,18600653252415,18600664144108,18600670354954,7117308,372615,18600670354954,18600666538877,18600696360185,18600664144108,
0,12694333,18600641113230,18600652125181,-478375913,18600653487185,18600654512108,18600655086646,18600655496800,18600663236292,18600653479800,11011951,18600660565108,18600666673723,18600667478031,18600680598646,18600688098877,9025000,360000,18600688098877,18600682798646,18600707419569,18600680598646,
0,12694355,18600663133493,18600663133493,-361284750,18600667691800,18600668936185,18600669740800,18600669908492,18600685256247,18600667689031,11011643,18600675130569,18600682917723,18600683713031,18600694810646,18600702523185,7193615,467461,18600702523185,18600697168492,18600729403492,18600694810646,
0,12694370,18600674145136,18600674145136,-120636587,18600684079569,18600685893031,18600686823569,18600686919569,18600696267890,18600684076800,11011643,18600691345031,18600697316800,18600698201338,18600709989031,18600717138954,8031000,437923,18600717138954,18600712125723,18600740403800,18600709989031,
0,12694392,18600696180533,18600696180533,-507769382,18600698566954,18600700654569,18600701465954,18600701638261,18600718303818,18600698563877,11012174,18600706604185,18600712269108,18600713018338,18600723150261,18600730497415,6876231,396692,18600730497415,18600725241108,18600751447185,18600723150261,
0,12694407,18600707188282,18600707188282,-316034634,18600713290261,18600714355492,18600715701723,18600715850261,18600729311323,18600713287261,11011930,18600720154954,18600725383185,18600726255800,18600738002031,18600745683185,7383769,420846,18600745683185,18600740397723,18600773458954,18600738002031,
0,12694422,18600718200212,18600718200212,0,18600726539261,18600726633338,18600727406338,18600727615800,18600740323253,18600726537031,11011930,18600732095261,18600740553954,18600741333031,18600751111569,18600757732108,5913538,529539,18600757732108,18600754158338,18600784456800,18600751111569,
0,12694437,18600729217541,18600740229665,-641933716,18600741891800,18600743904415,18600744343569,18600744584185,18600751340776,18600741879185,11012124,18600750554261,18600754336492,18600755664723,18600768362569,18600776233108,8781231,456615,18600776233108,18600770423877,18600795466877,18600768362569,
0,12694459,18600751234561,18600751234561,-559023624,18600756082646,18600758337646,18600759521723,18600759670954,18600773357453,18600756079569,11011781,18600765094646,18600770592108,18600771710569,18600781548185,18600789039800,5712923,405539,18600789039800,18600783525338,18600806506646,18600781548185,
0,12694474,18600762246342,18600762246342,0,18600772433031,18600772703492,18600776423261,18600776517723,18600784369234,18600772417954,11011781,18600781189338,18600783650646,18600784431185,18600796893415,18600803957646,6119616,607000,18600803957646,18600798989031,18600828497108,18600796893415,
0,12694489,18600773262281,18600784274300,-554490370,18600784817031,18600786349415,18600786658261,18600786756415,18600795385411,18600784810954,11012019,18600791700415,18600799221031,18600800102954,18600807668723,18600815662877,3411154,375154,18600815662877,18600809999261,18600839520723,18600807668723,
0,12694511,18600795282726,18600795282726,-730360381,18600801454569,18600801465646,18600802590338,18600802715569,18600817405686,18600801451185,11011849,18600807021646,18600810132415,18600810938954,18600822145338,18600829662338,7889462,345539,18600829662338,18600823973646,18600850522338,18600822145338,
0,12694526,18600806291121,18600806291121,0,18600811367492,18600811368800,18600811641415,18600811728800,18600828413891,18600811364415,11011659,18600817231800,18600824144185,18600824868492,18600834669415,18600843605954,5918154,366077,18600843605954,18600837741108,18600861554031,18600834669415,
0,12694541,18600817302780,18600817302780,0,18600825042877,18600825043800,18600825508185,18600825748492,18600839425550,18600825040185,11011659,18600830787492,18600837864492,18600838613723,18600848155492,18600856339877,6057307,339307,18600856339877,18600850303185,18600883626569,18600848155492,
0,12694556,18600828322107,18600828322107,0,18600838794646,18600838795492,18600839978569,18600840255492,18600850445398,18600838791877,11012180,18600844756415,18600850429338,18600851225415,18600861083569,18600868210338,6117538,468615,18600868210338,18600863656415,18599220569723,18600861083569,
0,12694578,18600850340005,18600850340005,0,18600851465031,18600851466031,18600852771800,18600852993723,18600872463003,18600851461954,11011887,18600858205954,18600863845646,18600864964108,18600879587800,18600888066031,10644615,341847,18600888066031,18600881622646,18599231574954,18600879587800,
0,12694593,18600861346137,18600861346137,0,18600865331800,18600865333646,18600866695492,18600866838261,18600872457248,18600865328185,11011496,18600873773415,18600881792108,18600882660415,18600893030954,18600901503569,6465847,450770,18600901503569,18600895660415,18599242594569,18600893030954,
0,12694608,18600872357633,18600872357633,0,18600883092415,18600883094031,18600884938338,18600885033646,18600883468744,18600883088800,11011496,18600889634031,18600895798877,18600896843569,18600906410569,18599238332800,5367692,360000,18599238332800,18600907915569,18599264626261,18600906410569,
---PROFILEDATA---


View hierarchy:

  com.anonymous.ecobudmobile/com.anonymous.ecobudmobile.MainActivity/android.view.ViewRootImpl@3ac6094
  188 views, 370.63 kB of render nodes


Total ViewRootImpl   : 1
Total attached Views : 188
Total RenderNode     : 370.63 kB (used) / 1253.87 kB (capacity)

  ProcessConfig={1.1 ?mcc?mnc [en_PH] ldltr sw411dp w411dp h833dp 280dpi nrml long port night finger -keyb/v/h -nav/h winConfig={ mBounds=Rect(0, 0 - 720, 1600) mAppBounds=Rect(0, 58 - 720, 1516) mMaxBounds=Rect(0, 0 - 720, 1600) mDisplayRotation=ROTATION_0 mWindowingMode=fullscreen mDisplayWindowingMode=fullscreen mActivityType=undefined mAlwaysOnTop=undefined mRotation=ROTATION_0 mPopOver=off mStageConfig=undefined mFreeformTaskPinningState=unpinned mFreeformStashState=undefined} s.57 fontWeightAdjustment=0 ff=0 bf=0 bts=0 themeSeq=0 nightDim=0}
  Application ResourcesConfig={1.1 ?mcc?mnc [en_PH] ldltr sw411dp w411dp h833dp 280dpi nrml long port night finger -keyb/v/h -nav/h winConfig={ mBounds=Rect(0, 0 - 720, 1600) mAppBounds=Rect(0, 58 - 720, 1516) mMaxBounds=Rect(0, 0 - 720, 1600) mDisplayRotation=ROTATION_0 mWindowingMode=fullscreen mDisplayWindowingMode=fullscreen mActivityType=undefined mAlwaysOnTop=undefined mRotation=ROTATION_0 mPopOver=off mStageConfig=undefined mFreeformTaskPinningState=unpinned mFreeformStashState=undefined} s.57 fontWeightAdjustment=0 ff=0 bf=0 bts=0 themeSeq=0 nightDim=0}
