Applications Graphics Acceleration Info:
Uptime: 18146593 Realtime: 19530953

** Graphics info for pid 26678 [com.anonymous.ecobudmobile] **

Stats since: 18142129011465ns
Total frames rendered: 306
Janky frames: 306 (100.00%)
Janky frames (legacy): 305 (99.67%)
50th percentile: 31ms
90th percentile: 40ms
95th percentile: 42ms
99th percentile: 46ms
Number Missed Vsync: 78
Number High input latency: 204
Number Slow UI thread: 239
Number Slow bitmap uploads: 3
Number Slow issue draw commands: 306
Number Frame deadline missed: 306
Number Frame deadline missed (legacy): 102
HISTOGRAM: 5ms=0 6ms=0 7ms=0 8ms=0 9ms=0 10ms=0 11ms=0 12ms=0 13ms=0 14ms=1 15ms=0 16ms=1 17ms=0 18ms=0 19ms=1 20ms=1 21ms=2 22ms=4 23ms=13 24ms=10 25ms=12 26ms=7 27ms=25 28ms=22 29ms=29 30ms=15 31ms=22 32ms=43 34ms=28 36ms=21 38ms=17 40ms=6 42ms=12 44ms=7 46ms=5 48ms=2 53ms=0 57ms=0 61ms=0 65ms=0 69ms=0 73ms=0 77ms=0 81ms=0 85ms=0 89ms=0 93ms=0 97ms=0 101ms=0 105ms=0 109ms=0 113ms=0 117ms=0 121ms=0 125ms=0 129ms=0 133ms=0 150ms=0 200ms=0 250ms=0 300ms=0 350ms=0 400ms=0 450ms=0 500ms=0 550ms=0 600ms=0 650ms=0 700ms=0 750ms=0 800ms=0 850ms=0 900ms=0 950ms=0 1000ms=0 1050ms=0 1100ms=0 1150ms=0 1200ms=0 1250ms=0 1300ms=0 1350ms=0 1400ms=0 1450ms=0 1500ms=0 1550ms=0 1600ms=0 1650ms=0 1700ms=0 1750ms=0 1800ms=0 1850ms=0 1900ms=0 1950ms=0 2000ms=0 2050ms=0 2100ms=0 2150ms=0 2200ms=0 2250ms=0 2300ms=0 2350ms=0 2400ms=0 2450ms=0 2500ms=0 2550ms=0 2600ms=0 2650ms=0 2700ms=0 2750ms=0 2800ms=0 2850ms=0 2900ms=0 2950ms=0 3000ms=0 3050ms=0 3100ms=0 3150ms=0 3200ms=0 3250ms=0 3300ms=0 3350ms=0 3400ms=0 3450ms=0 3500ms=0 3550ms=0 3600ms=0 3650ms=0 3700ms=0 3750ms=0 3800ms=0 3850ms=0 3900ms=0 3950ms=0 4000ms=0 4050ms=0 4100ms=0 4150ms=0 4200ms=0 4250ms=0 4300ms=0 4350ms=0 4400ms=0 4450ms=0 4500ms=0 4550ms=0 4600ms=0 4650ms=0 4700ms=0 4750ms=0 4800ms=0 4850ms=0 4900ms=0 4950ms=0
50th gpu percentile: 8ms
90th gpu percentile: 10ms
95th gpu percentile: 11ms
99th gpu percentile: 12ms
GPU HISTOGRAM: 1ms=0 2ms=0 3ms=0 4ms=7 5ms=8 6ms=45 7ms=76 8ms=62 9ms=71 10ms=11 11ms=15 12ms=10 13ms=1 14ms=0 15ms=0 16ms=0 17ms=0 18ms=0 19ms=0 20ms=0 21ms=0 22ms=0 23ms=0 24ms=0 25ms=0 4950ms=0

Pipeline=Skia (OpenGL)
CPU Caches:
  Glyph Cache: 248.80 KB (1 entry)
  skia/sk_resource_cache/mipmap_0xb4000079b08eb9a0: 15.45 KB (1 entry)
  Glyph Count: 154 
Total CPU memory usage:
  270595 bytes, 264.25 KB (0.00 bytes is purgeable)
GPU Caches:
  Other:
    Buffer Object: 2.50 KB (4 entries)
    Other: 28.67 KB (1 entry)
    StencilAttachment: 967.00 KB (7 entries)
  Image:
    Texture: 40.28 MB (18 entries)
  Scratch:
    RenderTarget: 4.81 MB (3 entries)
    Texture: 4.00 MB (3 entries)
    Buffer Object: 78.00 KB (2 entries)
Total GPU memory usage:
  52574852 bytes, 50.14 MB (1.20 MB is purgeable)

Profile data in ms:

	com.anonymous.ecobudmobile/com.anonymous.ecobudmobile.MainActivity/android.view.ViewRootImpl@ea9ec16 (visibility=0)
Window: com.anonymous.ecobudmobile/com.anonymous.ecobudmobile.MainActivity
Stats since: 18142129010003ns
Total frames rendered: 306
Janky frames: 306 (100.00%)
Janky frames (legacy): 305 (99.67%)
50th percentile: 31ms
90th percentile: 40ms
95th percentile: 42ms
99th percentile: 46ms
Number Missed Vsync: 78
Number High input latency: 204
Number Slow UI thread: 239
Number Slow bitmap uploads: 3
Number Slow issue draw commands: 306
Number Frame deadline missed: 306
Number Frame deadline missed (legacy): 102
HISTOGRAM: 5ms=0 6ms=0 7ms=0 8ms=0 9ms=0 10ms=0 11ms=0 12ms=0 13ms=0 14ms=1 15ms=0 16ms=1 17ms=0 18ms=0 19ms=1 20ms=1 21ms=2 22ms=4 23ms=13 24ms=10 25ms=12 26ms=7 27ms=25 28ms=22 29ms=29 30ms=15 31ms=22 32ms=43 34ms=28 36ms=21 38ms=17 40ms=6 42ms=12 44ms=7 46ms=5 48ms=2 53ms=0 57ms=0 61ms=0 65ms=0 69ms=0 73ms=0 77ms=0 81ms=0 85ms=0 89ms=0 93ms=0 97ms=0 101ms=0 105ms=0 109ms=0 113ms=0 117ms=0 121ms=0 125ms=0 129ms=0 133ms=0 150ms=0 200ms=0 250ms=0 300ms=0 350ms=0 400ms=0 450ms=0 500ms=0 550ms=0 600ms=0 650ms=0 700ms=0 750ms=0 800ms=0 850ms=0 900ms=0 950ms=0 1000ms=0 1050ms=0 1100ms=0 1150ms=0 1200ms=0 1250ms=0 1300ms=0 1350ms=0 1400ms=0 1450ms=0 1500ms=0 1550ms=0 1600ms=0 1650ms=0 1700ms=0 1750ms=0 1800ms=0 1850ms=0 1900ms=0 1950ms=0 2000ms=0 2050ms=0 2100ms=0 2150ms=0 2200ms=0 2250ms=0 2300ms=0 2350ms=0 2400ms=0 2450ms=0 2500ms=0 2550ms=0 2600ms=0 2650ms=0 2700ms=0 2750ms=0 2800ms=0 2850ms=0 2900ms=0 2950ms=0 3000ms=0 3050ms=0 3100ms=0 3150ms=0 3200ms=0 3250ms=0 3300ms=0 3350ms=0 3400ms=0 3450ms=0 3500ms=0 3550ms=0 3600ms=0 3650ms=0 3700ms=0 3750ms=0 3800ms=0 3850ms=0 3900ms=0 3950ms=0 4000ms=0 4050ms=0 4100ms=0 4150ms=0 4200ms=0 4250ms=0 4300ms=0 4350ms=0 4400ms=0 4450ms=0 4500ms=0 4550ms=0 4600ms=0 4650ms=0 4700ms=0 4750ms=0 4800ms=0 4850ms=0 4900ms=0 4950ms=0
50th gpu percentile: 8ms
90th gpu percentile: 10ms
95th gpu percentile: 11ms
99th gpu percentile: 12ms
GPU HISTOGRAM: 1ms=0 2ms=0 3ms=0 4ms=7 5ms=8 6ms=45 7ms=76 8ms=62 9ms=71 10ms=11 11ms=15 12ms=10 13ms=1 14ms=0 15ms=0 16ms=0 17ms=0 18ms=0 19ms=0 20ms=0 21ms=0 22ms=0 23ms=0 24ms=0 25ms=0 4950ms=0



---PROFILEDATA---
Flags,FrameTimelineVsyncId,IntendedVsync,Vsync,InputEventId,HandleInputStart,AnimationStart,PerformTraversalsStart,DrawStart,FrameDeadline,FrameInterval,FrameStartTime,SyncQueued,SyncStart,IssueDrawCommandsStart,SwapBuffers,FrameCompleted,DequeueBufferDuration,QueueBufferDuration,GpuCompleted,SwapBuffersCompleted,DisplayPresentTime,CommandSubmissionCompleted,
0,12175473,18144829500486,18144829500486,-450119848,18144834052773,18144834929696,18144835875234,18144835976465,18144851626356,18144834049619,11014759,18144836508157,18144848286927,18144848620465,18144861176465,18144870003542,7832308,415461,18144870003542,18144862761080,18144895765927,18144861176465,
0,12175488,18144840515245,18144840515245,-486853958,18144849006927,18144850942004,18144852978311,18144853092388,18144862641115,18144849002927,11014759,18144853502004,18144862895234,18144863338004,18144875653004,18144884118927,7763923,414154,18144884118927,18144877110004,18144906751542,18144875653004,
0,12175503,18144851522662,18144862536969,-588694098,18144863774927,18144865354311,18144866980696,18144867234234,18144873648080,18144863761927,11014307,18144867622927,18144877232080,18144877728696,18144890138311,18144898350004,8357770,369539,18144898350004,18144891330619,18144917791465,18144890138311,
0,12175525,18144873552272,18144873552272,-355238333,18144878188773,18144879791542,18144882257080,18144882492388,18144895677866,18144878185004,11014483,18144883277927,18144891444080,18144891799157,18144904145080,18144912073927,7773231,407385,18144912073927,18144905131850,18144928786850,18144904145080,
0,12175540,18144884566755,18144884566755,-616993356,18144892250850,18144893048388,18144894507234,18144894709927,18144906692349,18144892246850,11014483,18144895099542,18144905247850,18144905663850,18144916230850,18144924439542,6362846,452692,18144924439542,18144917673311,18144950825004,18144916230850,
0,12175555,18144895590123,18144895590123,0,18144906103157,18144906287850,18144908288388,18144908493927,18144917716200,18144906097619,11014966,18144908934234,18144917881619,18144918309619,18144930553080,18144938479850,8322538,579154,18144938479850,18144932163850,18144961850619,18144930553080,
0,12175570,18144906600762,18144917615495,-466870815,18144918723773,18144920653080,18144921393696,18144921574619,18144928726606,18144918709927,11014733,18144921953388,18144932295850,18144932663157,18144946475234,18144954173311,8046846,367000,18144954173311,18144947578542,18144972842004,18144946475234,
0,12175592,18144928618765,18144928618765,-938552247,18144934662619,18144934680157,18144937199465,18144937341696,18144950744058,18144934657004,11014182,18144938108157,18144947696157,18144948060080,18144957064773,18144965157927,5097846,486539,18144965157927,18144958358850,18144983865696,18144957064773,
0,12175607,18144939632947,18144939632947,0,18144948887542,18144948890619,18144949746311,18144949889696,18144961758240,18144948882850,11014182,18144951378234,18144958537696,18144958926927,18144970695773,18144978337927,7596308,399077,18144978337927,18144971730927,18144994872465,18144970695773,
0,12175622,18144950641089,18144950641089,0,18144959258619,18144959259542,18144959750004,18144959871850,18144972766076,18144959255773,11013876,18144960925696,18144971850542,18144972225927,18144982916157,18144990697619,6587770,460384,18144990697619,18144984125696,18145016928465,18144982916157,
0,12175637,18144961650802,18144961650802,0,18144972475234,18144972476157,18144974425927,18144974702311,18144983775514,18144972471465,11013601,18144976330234,18144984254542,18144985098311,18145000889696,18145008257696,7470154,527077,18145008257696,18145002158850,18145027952696,18145000889696,
0,12175659,18144983672437,18144983672437,0,18144984944696,18144984945311,18144986051465,18144986145004,18145005796760,18144984941311,11013212,18144988848773,18145002342234,18145003096157,18145019384388,18145025303157,5758384,427308,18145025303157,18145020423542,18145049942311,18145019384388,
0,12175674,18144994685546,18144994685546,0,18145004127234,18145004133080,18145006455850,18145006616388,18145016809882,18145004116773,11013225,18145007440465,18145020555234,18145020965927,18145026423773,18145034938234,1084000,384077,18145034938234,18145027416157,18145060964388,18145026423773,
0,12175689,18145005698771,18145016711996,0,18145021385927,18145021387542,18145023134927,18145023291773,18145027823107,18145021372465,11013225,18145024458311,18145027561927,18145028126311,18145045453388,18145056282850,12547692,321846,18145056282850,18145046248696,18145071976157,18145045453388,
0,12175711,18145027725648,18145027725648,0,18145028706619,18145028708080,18145029310927,18145029547234,18145049849921,18145028704080,11013162,18145030511465,18145046376465,18145046679542,18145057663850,18145067904773,6654461,628308,18145067904773,18145059193927,18145083009696,18145057663850,
0,12175726,18145038738810,18145049751972,-854929927,18145050861080,18145050862542,18145051399542,18145051497696,18145060863083,18145050850850,11013162,18145051926234,18145059392080,18145060636157,18145071043234,18145082751542,5588000,489153,18145082751542,18145072243234,18145105009080,18145071043234,
0,12175749,18145060768509,18145060768509,-274948628,18145061443542,18145062009004,18145062813311,18145062947234,18145082892896,18145061439542,11013276,18145063556388,18145072362234,18145073078311,18145084401619,18145092386311,6375693,397154,18145092386311,18145085340388,18145116071234,18145084401619,
0,12175763,18145071778367,18145071778367,-901209599,18145072947542,18145073961388,18145074354004,18145074586619,18145093902451,18145072944696,11012973,18145075260465,18145085461388,18145085821080,18145100939773,18145105603157,9737846,366769,18145105603157,18145102032157,18145127081696,18145100939773,
0,12175778,18145082789164,18145082789164,-392105410,18145086140696,18145086994850,18145088048696,18145088148773,18145104913041,18145086134850,11012766,18145088519542,18145102162311,18145102540696,18145115579465,18145120354542,7271692,415692,18145120354542,18145116731773,18145149079234,18145115579465,
0,12175793,18145093801930,18145093801930,-102051757,18145103028157,18145105337311,18145107057619,18145107193311,18145115925807,18145103023850,11012766,18145107905388,18145116878850,18145117266311,18145128713080,18145132455234,7721000,395693,18145132455234,18145129958850,18145160092773,18145128713080,
0,12175815,18145115838058,18145115838058,-249153092,18145117702004,18145118597080,18145120272696,18145120396696,18145137962669,18145117699157,11013500,18145120835234,18145130087773,18145130534542,18145142939773,18145148090004,8672923,430462,18145148090004,18145144251773,18145171116773,18145142939773,
0,12175830,18145126858586,18145126858586,-723106515,18145131060773,18145132794311,18145135285619,18145135434850,18145148983502,18145131055850,11013805,18145136232157,18145144408388,18145144777311,18145155370004,18145164859234,6384000,313616,18145164859234,18145156553080,18145182119773,18145155370004,
0,12175845,18145137872391,18145137872391,0,18145145158311,18145145267157,18145146286850,18145146486004,18145159997307,18145145155157,11013805,18145147096388,18145156663157,18145159269080,18145171048465,18145176350234,7189846,341231,18145176350234,18145172116773,18145204122619,18145171048465,
0,12175860,18145148895630,18145148895630,-807376389,18145157274234,18145158538004,18145158965311,18145159128157,18145171021113,18145157271234,11014372,18145159553696,18145172257311,18145172620388,18145185237619,18145190594542,8277307,386769,18145190594542,18145186351773,18145215184157,18145185237619,
0,12175875,18145159906542,18145170920698,-920117516,18145172953696,18145175879850,18145177334311,18145177529388,18145182031809,18145172938850,11014156,18145179501311,18145186467850,18145186866927,18145198888773,18145204449388,7565846,432692,18145204449388,18145200220465,18145226154619,18145198888773,
0,12175897,18145181941433,18145181941433,-842502499,18145187307465,18145188659773,18145190354850,18145190453080,18145204067322,18145187303234,11014778,18145190806927,18145200332696,18145200684157,18145211544696,18145217736465,6523385,369538,18145217736465,18145212990927,18145237211234,18145211544696,
0,12175912,18145192956211,18145192956211,0,18145201118850,18145201283234,18145202994850,18145203236465,18145215082100,18145201114542,11014778,18145203552157,18145213138234,18145213492388,18145229530234,18145236966850,7471385,466692,18145236966850,18145233721004,18145259230234,18145229530234,
0,12175927,18145203966014,18145203966014,-291981441,18145213817696,18145214767542,18145215340080,18145215544696,18145226091593,18145213814234,11014468,18145216372157,18145233905696,18145234526927,18145239325311,18145247408157,229770,400231,18145247408157,18145242721696,18145270238619,18145239325311,
0,12175942,18145214973365,18145225987520,-1062415008,18145235049388,18145237560696,18145239409004,18145239574927,18145237098631,18145235027157,11014155,18145241193619,18145242862311,18145243225927,18145257167465,18145263361696,9492615,388308,18145263361696,18145258335542,18145281337004,18145257167465,
0,12175972,18145248010976,18145248010976,-1003031293,18145248516388,18145250073388,18145251234850,18145251471773,18145270135923,18145248511234,11013836,18145252656080,18145258461080,18145258830927,18145270870619,18145277539773,7510846,462769,18145277539773,18145272467234,18145303269311,18145270870619,
0,12175987,18145259029722,18145259029722,-625391771,18145259509311,18145260763234,18145262264465,18145262359850,18145281154934,18145259505311,11014101,18145262718542,18145272597927,18145272962234,18145285435542,18145292374004,7752692,412308,18145292374004,18145287039465,18145314299542,18145285435542,
0,12176001,18145270043189,18145270043189,-1037742620,18145273334927,18145274266004,18145275954234,18145276169927,18145292168290,18145273331465,11013990,18145276589927,18145287178234,18145287522927,18145299857388,18145306955157,7828923,408847,18145306955157,18145301571773,18145325306619,18145299857388,
0,12176016,18145281056305,18145281056305,-203826801,18145288218311,18145289554234,18145291215465,18145291316465,18145303181318,18145288212773,11013902,18145291678311,18145301691465,18145302064465,18145313852696,18145320439542,7365308,806462,18145320439542,18145315799773,18145347893619,18145313852696,
0,12176031,18145292070207,18145292070207,0,18145302631773,18145302778927,18145303777388,18145303927773,18145314195220,18145302627850,11013902,18145304607157,18145315923157,18145316328157,18145327344080,18145333698927,7156230,378461,18145333698927,18145329026619,18145358346311,18145327344080,
0,12176046,18145303100818,18145314115449,-1059545893,18145316751850,18145319732157,18145320334850,18145320541619,18145325226560,18145316740157,11014631,18145321521696,18145329145311,18145329549696,18145342502619,18145349210927,8437231,418769,18145349210927,18145343841311,18145369390004,18145342502619,
0,12176068,18145325128939,18145325128939,-527251671,18145329851234,18145331169311,18145332523850,18145332954311,18145347254846,18145329848465,11014796,18145334411542,18145343953927,18145344411465,18145356382850,18145362562004,7479077,369769,18145362562004,18145357350004,18145380395157,18145356382850,
0,12176083,18145336143735,18145336143735,-229372391,18145344815234,18145345704080,18145346771542,18145347071234,18145358269642,18145344812080,11014796,18145347809927,18145357462542,18145357831542,18145370209004,18145377004388,7359384,407077,18145377004388,18145371787234,18145402421080,18145370209004,
0,12176098,18145347153820,18145358168339,-740134742,18145358244696,18145359840696,18145361056465,18145361259773,18145369279450,18145358232465,11014519,18145362488157,18145371902311,18145372289696,18145383620773,18145389959850,6794769,392385,18145389959850,18145384735850,18145413418850,18145383620773,
0,12176120,18145369291482,18145369291482,-134826822,18145372709311,18145374560773,18145375502619,18145375622927,18145391422398,18145372703850,11019805,18145376161311,18145384874311,18145385228773,18145401323465,18145407132773,8239000,473539,18145407132773,18145402838927,18145435464696,18145401323465,
0,12176135,18145380300222,18145380300222,-1005691722,18145385629696,18145386882311,18145388215465,18145388617388,18145402430851,18145385627157,11019518,18145389554234,18145402979465,18145403385927,18145413715773,18145418752465,3162154,413153,18145418752465,18145414751542,18145446464157,18145413715773,
0,12176150,18145391319740,18145402339258,-547275950,18145403838311,18145405537311,18145406514927,18145406741619,18145413450369,18145403825696,11019518,18145408841619,18145414870542,18145415276388,18145430921927,18145437648773,11241846,596308,18145437648773,18145432418311,18145457488080,18145430921927,
0,12176172,18145413328214,18145413328214,-51810733,18145415690850,18145417086619,18145417987850,18145418086542,18145435457712,18145415686619,11018387,18145418466234,18145432541927,18145432887234,18145444655157,18145451253619,6828846,428615,18145451253619,18145445687850,18145468500157,18145444655157,
0,12176187,18145424346601,18145424346601,-643722239,18145433320773,18145435399542,18145437453619,18145437662927,18145446476099,18145433316388,11018387,18145438406927,18145445828773,18145446223465,18145463570542,18145468789080,9088231,366769,18145468789080,18145464608157,18145490527234,18145463570542,
0,12176202,18145435350143,18145446368050,-144036648,18145449014004,18145449027465,18145450067465,18145450172080,18145457479161,18145449003850,11017907,18145450550004,18145464763773,18145465140080,18145470768465,18145477360388,1538692,368308,18145477360388,18145471760080,18145501553004,18145470768465,
0,12176224,18145457352545,18145457352545,0,18145465734311,18145465736157,18145466308388,18145466468465,18145479479985,18145465730004,11016329,18145468314311,18145471888465,18145472358542,18145485141311,18145492399465,8205846,413153,18145492399465,18145486466311,18145512564157,18145485141311,
0,12176239,18145468357141,18145468357141,0,18145472753080,18145472755542,18145473527542,18145473707157,18145490483990,18145472748465,11015738,18145475196696,18145486579157,18145486920157,18145499446234,18145507192773,7576923,392308,18145507192773,18145500946619,18145534632080,18145499446234,
0,12176254,18145479372879,18145479372879,0,18145487196773,18145487198234,18145488613388,18145488816773,18145501499728,18145487193080,11015738,18145489846311,18145501065696,18145501472388,18145524127542,18145532093004,8537846,686769,18145532093004,18145527795850,18145556691850,18145524127542,
0,12176269,18145490375267,18145501390263,0,18145501925388,18145501927234,18145504415773,18145504722234,18145512501374,18145501911542,11014996,18145506289311,18145527968157,18145529097927,18145542620465,18145550770542,55616,565538,18145550770542,18145545995542,18145578670927,18145542620465,
0,12176291,18145512381675,18145523395165,0,18145529998542,18145530002234,18145531655465,18145531796157,18145534506276,18145529983542,11013490,18145534954850,18145546111465,18145546530927,18145561060773,18145568806619,6475385,481924,18145568806619,18145562472388,18145589703234,18145561060773,
0,12176313,18145534395445,18145545407935,-688886898,18145550383465,18145550384696,18145551429927,18145551533080,18145556519046,18145550374850,11012490,18145551933927,18145562652388,18145563918542,18145578413388,18145589250927,9304307,342154,18145589250927,18145579590619,18145611690311,18145578413388,
0,12176335,18145556422791,18145556422791,-715599375,18145563962850,18145566640080,18145567941927,18145568173311,18145578546284,18145563958927,11012382,18145568730311,18145579700465,18145580148080,18145592728157,18145603589311,6394769,358077,18145603589311,18145593733619,18145622720157,18145592728157,
0,12176350,18145567435173,18145578447555,-715324471,18145580600696,18145582445927,18145583960773,18145584307465,18145589558666,18145580588157,11012382,18145584749311,18145593852696,18145594213080,18145606617080,18145617690004,7590462,373539,18145617690004,18145607503542,18145633707234,18145606617080,
0,12176372,18145589464462,18145589464462,-333182755,18145594556773,18145595481004,18145595966542,18145596165927,18145611587596,18145594553080,11012023,18145596729927,18145607613004,18145608049619,18145618346850,18145624542234,6145539,333154,18145624542234,18145619400465,18145644756157,18145618346850,
0,12176387,18145600476485,18145600476485,-993512016,18145608332696,18145610407465,18145612338004,18145612497388,18145622599619,18145608329080,11012023,18145613033311,18145619518850,18145619906619,18145630754927,18145635668696,6048000,360000,18145635668696,18145631733696,18145655772157,18145630754927,
0,12176402,18145611500119,18145611500119,0,18145620476696,18145620653080,18145622057004,18145622156080,18145633623827,18145620468465,11012597,18145622469080,18145631851465,18145632292696,18145644865004,18145650060465,7242385,392231,18145650060465,18145646129081,18145677794311,18145644865004,
0,12176417,18145622501053,18145622501053,-313473428,18145632687850,18145634722850,18145635534542,18145635627465,18145644623887,18145632683234,11011723,18145635989311,18145646275542,18145646667157,18145657617388,18145661576465,6884230,431923,18145661576465,18145659008388,18145688825311,18145657617388,
0,12176439,18145644507551,18145644507551,-930689108,18145646979850,18145647846234,18145649469927,18145649572773,18145666628854,18145646977388,11010192,18145649949619,18145659174927,18145659566619,18145672601311,18145678323465,8367385,638692,18145678323465,18145674298850,18145699864081,18145672601311,
0,12176454,18145655580702,18145655580702,-225455752,18145659974542,18145661217081,18145662064696,18145662493388,18145677707197,18145659971465,11015384,18145663305927,18145674471157,18145675399542,18145686344465,18145691910927,6347384,366461,18145691910927,18145687486542,18145721885619,18145686344465,
0,12176469,18145666596086,18145666596086,-908595866,18145675713311,18145678027850,18145678911157,18145679085619,18145688722581,18145675710542,11015384,18145679554004,18145687613004,18145688336388,18145701724773,18145705686619,8586461,426461,18145705686619,18145702809004,18145732888773,18145701724773,
0,12176484,18145677610135,18145688625408,-620092980,18145688960773,18145691852081,18145693196465,18145693453927,18145699736519,18145688941388,11015273,18145693925081,18145702934927,18145703295773,18145717395542,18145722927773,8852923,372923,18145722927773,18145718577619,18145754909696,18145717395542,
0,12176506,18145699643946,18145699643946,-624565052,18145703746927,18145704965927,18145706070234,18145706161696,18145721770600,18145703743157,11015543,18145706507157,18145718706234,18145719053081,18145732891773,18145739159157,8812846,692615,18145739159157,18145737623542,18145765909388,18145732891773,
0,12176521,18145710659489,18145710659489,-864355002,18145719507850,18145721648081,18145722700157,18145722951234,18145732786143,18145719503157,11015543,18145723380388,18145737811465,18145738364773,18145751768773,18145758508696,8730462,442770,18145758508696,18145753741388,18145787947773,18145751768773,
0,12176536,18145721681827,18145732697709,-702739882,18145739035773,18145741604773,18145742663157,18145742897388,18145743808820,18145739019542,11015882,18145743367542,18145753869696,18145754283234,18145769163234,18145775262311,8165308,382769,18145775262311,18145770144157,18145798957927,18145769163234,
0,12176558,18145743715313,18145754731231,-462481899,18145755809388,18145758361311,18145759280081,18145759464157,18145765842342,18145755775542,11015918,18145759918542,18145770266311,18145775064696,18145785495157,18145791530542,4795153,423308,18145791530542,18145786559773,18145809953081,18145785495157,
0,12176580,18145765743483,18145765743483,-159590658,18145771663157,18145773322234,18145774409619,18145774585696,18145787870307,18145771660388,11015713,18145775005927,18145786681311,18145787040465,18145804295542,18145809055542,6553923,652846,18145809055542,18145805904081,18145832063850,18145804295542,
0,12176595,18145776759196,18145776759196,0,18145787729927,18145788583850,18145789514542,18145789655234,18145798886020,18145787716388,11015713,18145790021696,18145806085619,18145807133004,18145820366927,18145825732773,1743000,735000,18145825732773,18145822334619,18145854032773,18145820366927,
0,12176617,18145798779210,18145798779210,-918446405,18145807598927,18145809273927,18145809909081,18145810232696,18145820905427,18145807592157,11015106,18145811618004,18145822547465,18145823540157,18145838142619,18145845029619,4616077,605231,18145845029619,18145839804773,18145865050234,18145838142619,
0,12176632,18145809788579,18145820803307,-194222609,18145823941004,18145825942004,18145827750004,18145828237927,18145831914418,18145823925619,11014728,18145829042004,18145840082004,18145841600157,18145858744696,18145864171542,7127077,714077,18145864171542,18145861755542,18145887077311,18145858744696,
0,12176654,18145831809373,18145831809373,-788784746,18145842181619,18145844548696,18145846478927,18145846672696,18145853934733,18145842175773,11014249,18145847538004,18145861985081,18145863091542,18145877250004,18145882354619,476538,570539,18145882354619,18145878884465,18145909112157,18145877250004,
0,12176676,18145853847936,18145853847936,-919230802,18145863663234,18145865490619,18145867319542,18145867546004,18145875973627,18145863658234,11014580,18145871073081,18145879118234,18145880232465,18145891358234,18145899506234,1470769,812000,18145899506234,18145894651850,18145920118311,18145891358234,
0,12176698,18145875877351,18145875877351,-110314872,18145880723850,18145882292388,18145883869311,18145884110619,18145898003118,18145880718927,11014656,18145884962850,18145894869696,18145896102311,18145914468157,18145920961388,7626769,615308,18145920961388,18145917589388,18145942162850,18145914468157,
0,12176713,18145886897825,18145886897825,0,18145896702850,18145897107465,18145899365927,18145899554311,18145909024073,18145896696388,11015137,18145900372465,18145917782927,18145918769696,18145930851850,18145936427234,342769,549846,18145936427234,18145932897081,18145964358311,18145930851850,
0,12176728,18145897912962,18145908928099,-962319075,18145919133081,18145922797311,18145923512081,18145923938004,18145920039210,18145919121696,11015137,18145924893081,18145933086542,18145934030311,18145943667234,18145951530542,930769,594154,18145951530542,18145946971850,18145975236773,18145943667234,
0,12176757,18145930957677,18145930957677,-91538715,18145934402850,18145935773004,18145937466004,18145937637388,18145953084015,18145934398619,11015227,18145938612773,18145947137081,18145947945927,18145958745311,18145965057619,7255462,401230,18145965057619,18145959858927,18145986225081,18145958745311,
0,12176772,18145941966909,18145941966909,-455897893,18145948452696,18145950071542,18145950954004,18145951047234,18145964092914,18145948447850,11014894,18145951405619,18145959972465,18145960352157,18145972866850,18145979263465,7865538,367077,18145979263465,18145974000388,18145997236157,18145972866850,
0,12176787,18145952981803,18145952981803,-1011354824,18145963002004,18145963018850,18145963935850,18145964090619,18145975107808,18145962998619,11014894,18145964574004,18145974116465,18145974454234,18145985354542,18145992463234,6542462,449847,18145992463234,18145987141311,18146019301311,18145985354542,
0,12176802,18145963996577,18145963996577,0,18145974927542,18145974929081,18145975288773,18145975399465,18145986122547,18145974923542,11014859,18145975882619,18145987269081,18145987680157,18145999237696,18146006605081,7257923,403307,18146006605081,18146001066311,18146030287542,18145999237696,
0,12176817,18145975046388,18145986062596,0,18145987939157,18145987940773,18145988662850,18145988767465,18145997173707,18145987928157,11016208,18145990103465,18146001202234,18146001597927,18146014447850,18146021447773,8212846,430769,18146021447773,18146015775465,18146052357619,18146014447850,
0,12176839,18145997074798,18145997074798,0,18146001844081,18146001845004,18146002534619,18146002769619,18146019201998,18146001841004,11016089,18146004243234,18146015900696,18146016322850,18146035072157,18146041994850,8698230,898846,18146041994850,18146036998927,18146063359465,18146035072157,
0,12176854,18146008090887,18146008090887,0,18146016891157,18146016893004,18146018626542,18146018954619,18146030218087,18146016886850,11016089,18146020835234,18146037229619,18146038813619,18146054654311,18146060211542,5924385,874077,18146060211542,18146056541696,18146085354311,18146054654311,
0,12176869,18146019100527,18146030116324,0,18146039595542,18146039603773,18146041810850,18146041990927,18146041227435,18146039562850,11015797,18146044958927,18146056788773,18146058261081,18146068209619,18146075125696,1916615,400846,18146075125696,18146069269004,18146096395773,18146068209619,
0,12176891,18146041135400,18146052151370,0,18146058899157,18146058902004,18146060879542,18146060962927,18146063262481,18146058879465,11015970,18146061436388,18146069385081,18146069750234,18146081579542,18146091357004,7155769,360539,18146091357004,18146082452388,18146107389927,18146081579542,
0,12176913,18146063174335,18146074190889,-197714739,18146075452388,18146075454542,18146077492465,18146077686542,18146085302000,18146075441619,11016554,18146078573927,18146082565388,18146082875542,18146093709311,18146103211465,6468308,356231,18146103211465,18146094582234,18146118428081,18146093709311,
0,12176936,18146085209628,18146085209628,-893477562,18146085633388,18146086223773,18146086673696,18146086789004,18146107337488,18146085629311,11016749,18146087308388,18146094695850,18146095014311,18146105185619,18146116222850,5774077,349770,18146116222850,18146106228696,18146129434850,18146105185619,
0,12176951,18146096218800,18146096218800,-731441294,18146096996465,18146098161696,18146098514234,18146098622004,18146118346390,18146096991542,11016479,18146098995542,18146106341619,18146106685927,18146117309004,18146123179773,6866154,374231,18146123179773,18146118531850,18146151454927,18146117309004,
0,12176966,18146107232200,18146107232200,-213234427,18146107665696,18146109401388,18146110295542,18146110394004,18146129359631,18146107661081,11016320,18146110773388,18146118658311,18146118988773,18146128487542,18146131732465,5582154,353000,18146131732465,18146129495234,18146162499234,18146128487542,
0,12176980,18146118242143,18146118242143,-717536491,18146119455465,18146121114542,18146122076465,18146122197311,18146140369280,18146119445388,11016026,18146122572773,18146129643465,18146130001081,18146145783850,18146150562311,11781769,361770,18146150562311,18146146944696,18146173561311,18146145783850,
0,12176995,18146129256125,18146129256125,-317392116,18146130475157,18146131862927,18146133393004,18146133562234,18146151383117,18146130469927,11015881,18146134290542,18146147069619,18146147408157,18146158065619,18146163121388,7042385,385846,18146163121388,18146159452081,18146184509619,18146158065619,
0,12177010,18146140272006,18146140272006,-155880223,18146147781619,18146148832157,18146150383542,18146150477388,18146162398998,18146147773619,11015881,18146150809927,18146159573081,18146159927850,18146170796157,18146174641388,6754462,499462,18146174641388,18146172247542,18146195564081,18146170796157,
0,12177025,18146151280633,18146151280633,0,18146160326619,18146160425619,18146161296696,18146161481004,18146173407121,18146160324081,11015377,18146162128696,18146172409004,18146172820157,18146184909927,18146189934927,8063385,610462,18146189934927,18146186521696,18146217559234,18146184909927,
0,12177040,18146162297826,18146162297826,-787412432,18146173263773,18146175904696,18146176689696,18146176793311,18146184424598,18146173258004,11015661,18146177193311,18146186713927,18146187710927,18146199858927,18146205524696,7010769,568000,18146205524696,18146201582619,18146228602542,18146199858927,
0,12177062,18146184337605,18146184337605,-885483620,18146187960388,18146189426850,18146190349619,18146190449619,18146206464602,18146187957927,11015886,18146190811234,18146201722850,18146202088388,18146218612465,18146224222619,10194077,414231,18146224222619,18146219855850,18146250613311,18146218612465,
0,12177077,18146195346731,18146195346731,-893164997,18146202540081,18146205422927,18146206337081,18146206516157,18146217473263,18146202531773,11015421,18146208249927,18146219994542,18146220440388,18146230608157,18146234786234,5950770,371077,18146234786234,18146231797388,18146261672157,18146230608157,
0,12177092,18146206362152,18146217377573,-531434801,18146221081927,18146222473388,18146223518927,18146223619850,18146228488684,18146221065311,11015421,18146224078004,18146231915850,18146232333388,18146247303850,18146252742311,9510462,435462,18146252742311,18146248317311,18146272670619,18146247303850,
0,12177114,18146228386446,18146228386446,-769450386,18146232771465,18146234122311,18146236183465,18146236420696,18146250512301,18146232767157,11014744,18146236801081,18146248437696,18146248767850,18146260098004,18146266677619,6697615,438769,18146266677619,18146261462927,18146294713311,18146260098004,
0,12177129,18146239401190,18146239401190,-205526399,18146249114004,18146251617696,18146252915157,18146253011465,18146261527045,18146249109927,11014744,18146253385619,18146261632157,18146262181311,18146274547850,18146280863234,8021307,378385,18146280863234,18146275965619,18146305706311,18146274547850,
0,12177151,18146261449380,18146261449380,-27089445,18146263024157,18146264678927,18146266096157,18146266189311,18146283576660,18146263020696,11016169,18146266583773,18146276132081,18146276503850,18146288997081,18146295046619,8278077,394538,18146295046619,18146290129619,18146316716081,18146288997081,
0,12177166,18146272475324,18146272475324,-121252152,18146276887773,18146277909696,18146278724388,18146278898004,18146294603192,18146276883542,11016757,18146280461696,18146290241081,18146290598850,18146302225004,18146308807234,7172616,417231,18146308807234,18146303626542,18146327777927,18146302225004,
0,12177181,18146283492081,18146283492081,-483606164,18146290967157,18146292122542,18146293668081,18146293773696,18146305619949,18146290963234,11016757,18146294086850,18146303741388,18146304113696,18146315647234,18146321973004,7091000,437154,18146321973004,18146316986927,18146349805619,18146315647234,
0,12177196,18146294509829,18146294509829,0,18146304501927,18146304692465,18146306129388,18146306534004,18146316637728,18146304497696,11016788,18146307642234,18146317101004,18146317451157,18146329437311,18146335098850,7501923,484000,18146335098850,18146331267542,18146360778311,18146329437311,
0,12177211,18146305528675,18146316545518,-115748019,18146317966619,18146320448696,18146320868081,18146320955850,18146327656629,18146317954542,11016843,18146321346542,18146331413619,18146331829619,18146346044157,18146352297004,9718769,401462,18146352297004,18146347038927,18146371862311,18146346044157,
0,12177233,18146327558419,18146327558419,-837617612,18146332258004,18146333654927,18146334732388,18146334934927,18146349686252,18146332253927,11016722,18146335754004,18146347158311,18146347519157,18146358934234,18146365229004,7383384,440923,18146365229004,18146360208157,18146382813388,18146358934234,
0,12177248,18146338575141,18146338575141,-180922671,18146347898850,18146350126927,18146351195850,18146351389311,18146360702974,18146347894619,11016722,18146352745004,18146360336696,18146360692465,18146373285388,18146380045619,7695000,399153,18146380045619,18146374835542,18146404909004,18146373285388,
0,12177263,18146349602880,18146360620290,-131930627,18146361145927,18146363213388,18146364303542,18146364529388,18146371731401,18146361133388,11017410,18146365676773,18146374966234,18146375320081,18146386125619,18146392973696,6269538,433769,18146392973696,18146387619850,18146415841619,18146386125619,
0,12177285,18146371635466,18146371635466,-82029070,18146375702004,18146377451542,18146378401927,18146378527465,18146393763899,18146375698004,11017322,18146378967542,18146387748696,18146388186619,18146401280773,18146407474850,8925154,394154,18146407474850,18146402230927,18146426864157,18146401280773,
0,12177300,18146382661882,18146382661882,-390927096,18146388662311,18146390636465,18146392282927,18146392462004,18146404790808,18146388658311,11017815,18146393481004,18146402337311,18146402677311,18146414505388,18146420773388,6125461,406231,18146420773388,18146415556157,18146437878542,18146414505388,
0,12177315,18146393679697,18146393679697,0,18146402933081,18146403022542,18146404162619,18146404358004,18146415808623,18146402930927,11017815,18146404988696,18146415671542,18146416082234,18146427577311,18146434507773,6904846,443308,18146434507773,18146428963465,18146459945619,18146427577311,
0,12177330,18146404688042,18146415705327,-206387490,18146416434234,18146418790004,18146419423465,18146419813619,18146426816438,18146416422542,11017285,18146420995542,18146429099157,18146429611465,18146445069619,18146451934850,7778230,617000,18146451934850,18146446604465,18146470932157,18146445069619,
0,12177352,18146426717298,18146426717298,-1010767607,18146429963465,18146432226311,18146433460157,18146433684388,18146448845381,18146429959850,11016972,18146435177927,18146446841081,18146447375542,18146456039850,18146463004465,3896308,594154,18146463004465,18146457421927,18146481947850,18146456039850,
0,12177367,18146437722245,18146437722245,-781982347,18146447801696,18146449250619,18146450126234,18146450355234,18146459849574,18146447798311,11016218,18146451476773,18146457562311,18146458023773,18146470006004,18146477065696,7187000,421846,18146477065696,18146471404696,18146503997696,18146470006004,
0,12177382,18146448738463,18146448738463,0,18146458457927,18146458641696,18146460918311,18146461221388,18146470865792,18146458453081,11016218,18146461562311,18146471558619,18146471914927,18146486352696,18146493068696,6610231,381308,18146493068696,18146487323157,18146514981004,18146486352696,
0,12177397,18146459746418,18146470762193,-452431307,18146472320081,18146473995773,18146474367234,18146474474234,18146481873304,18146472310619,11015775,18146474890004,18146487447773,18146487812465,18146505601927,18146510988388,7961000,358154,18146510988388,18146506585004,18146537023234,18146505601927,
0,12177419,18146481775861,18146481775861,-718987767,18146490573388,18146490608696,18146492698927,18146492869311,18146503902652,18146490565927,11015680,18146493886004,18146506705927,18146507114542,18146513190234,18146518487850,2019308,369538,18146518487850,18146514108157,18146548170619,18146513190234,
0,12177434,18146492791541,18146503807221,0,18146507659850,18146507661696,18146508260157,18146508369696,18146514918332,18146507649081,11015680,18146509227465,18146514219234,18146514549696,18146532108773,18146539792773,13575308,415385,18146539792773,18146533300465,18146559057388,18146532108773,
0,12177456,18146514815355,18146514815355,0,18146515312081,18146515313388,18146515715234,18146515843465,18146536941637,18146515307465,11015171,18146516635157,18146533415773,18146533777311,18146544370311,18146551734850,6575769,405462,18146551734850,18146545413081,18146570070311,18146544370311,
0,12177471,18146525830526,18146525830526,0,18146534082850,18146534084773,18146536320388,18146536430311,18146547956808,18146534078542,11015171,18146537287850,18146545539234,18146545993388,18146559921388,18146567768465,7691384,580616,18146567768465,18146561873311,18146581099465,18146559921388,
0,12177486,18146536837883,18146536837883,0,18146546341311,18146546342234,18146547329004,18146547430927,18146558963732,18146546338619,11014738,18146550146004,18146562102619,18146562734004,18146570460388,18146579459157,3811923,434769,18146579459157,18146573326311,18144829672388,18146570460388,
0,12177501,18146547846071,18146558860313,0,18146563008696,18146563009311,18146563994004,18146564193004,18146569971424,18146562999542,11014242,18146565067773,18146573458004,18146573901311,18146589281311,18146600249081,8231462,371692,18146600249081,18146590570234,18144851728773,18146589281311,
0,12177523,18146569900882,18146569900882,0,18146574174927,18146574175773,18146575066234,18146575157619,18146581011993,18146574172696,11015490,18146575913311,18146590678311,18146591121619,18146600050927,18146610867542,3088000,598846,18146610867542,18146601960081,18144862707157,18146600050927,
0,12177538,18146580916372,18146580916372,0,18146591425388,18146591427542,18146597388773,18146597589927,18146592027483,18146591421927,11015352,18146599501004,18146602148388,18146602513619,18146611332465,18144855375234,3910385,380308,18144855375234,18146612337619,18144873777927,18146611332465,
---PROFILEDATA---


View hierarchy:

  com.anonymous.ecobudmobile/com.anonymous.ecobudmobile.MainActivity/android.view.ViewRootImpl@ea9ec16
  188 views, 373.38 kB of render nodes


Total ViewRootImpl   : 1
Total attached Views : 188
Total RenderNode     : 373.38 kB (used) / 1253.87 kB (capacity)

  ProcessConfig={1.1 ?mcc?mnc [en_PH] ldltr sw411dp w411dp h833dp 280dpi nrml long port night finger -keyb/v/h -nav/h winConfig={ mBounds=Rect(0, 0 - 720, 1600) mAppBounds=Rect(0, 58 - 720, 1516) mMaxBounds=Rect(0, 0 - 720, 1600) mDisplayRotation=ROTATION_0 mWindowingMode=fullscreen mDisplayWindowingMode=fullscreen mActivityType=undefined mAlwaysOnTop=undefined mRotation=ROTATION_0 mPopOver=off mStageConfig=undefined mFreeformTaskPinningState=unpinned mFreeformStashState=undefined} s.56 fontWeightAdjustment=0 ff=0 bf=0 bts=0 themeSeq=0 nightDim=0}
  Application ResourcesConfig={1.1 ?mcc?mnc [en_PH] ldltr sw411dp w411dp h833dp 280dpi nrml long port night finger -keyb/v/h -nav/h winConfig={ mBounds=Rect(0, 0 - 720, 1600) mAppBounds=Rect(0, 58 - 720, 1516) mMaxBounds=Rect(0, 0 - 720, 1600) mDisplayRotation=ROTATION_0 mWindowingMode=fullscreen mDisplayWindowingMode=fullscreen mActivityType=undefined mAlwaysOnTop=undefined mRotation=ROTATION_0 mPopOver=off mStageConfig=undefined mFreeformTaskPinningState=unpinned mFreeformStashState=undefined} s.56 fontWeightAdjustment=0 ff=0 bf=0 bts=0 themeSeq=0 nightDim=0}
