Applications Graphics Acceleration Info:
Uptime: 18610093 Realtime: 19994452

** Graphics info for pid 27549 [com.anonymous.ecobudmobile] **

Stats since: 18605700392723ns
Total frames rendered: 319
Janky frames: 319 (100.00%)
Janky frames (legacy): 319 (100.00%)
50th percentile: 32ms
90th percentile: 38ms
95th percentile: 40ms
99th percentile: 44ms
Number Missed Vsync: 66
Number High input latency: 237
Number Slow UI thread: 312
Number Slow bitmap uploads: 3
Number Slow issue draw commands: 319
Number Frame deadline missed: 319
Number Frame deadline missed (legacy): 82
HISTOGRAM: 5ms=0 6ms=0 7ms=0 8ms=0 9ms=0 10ms=0 11ms=0 12ms=0 13ms=0 14ms=0 15ms=0 16ms=0 17ms=0 18ms=0 19ms=0 20ms=1 21ms=0 22ms=4 23ms=3 24ms=4 25ms=4 26ms=8 27ms=10 28ms=15 29ms=19 30ms=29 31ms=18 32ms=56 34ms=55 36ms=33 38ms=39 40ms=9 42ms=6 44ms=3 46ms=1 48ms=1 53ms=1 57ms=0 61ms=0 65ms=0 69ms=0 73ms=0 77ms=0 81ms=0 85ms=0 89ms=0 93ms=0 97ms=0 101ms=0 105ms=0 109ms=0 113ms=0 117ms=0 121ms=0 125ms=0 129ms=0 133ms=0 150ms=0 200ms=0 250ms=0 300ms=0 350ms=0 400ms=0 450ms=0 500ms=0 550ms=0 600ms=0 650ms=0 700ms=0 750ms=0 800ms=0 850ms=0 900ms=0 950ms=0 1000ms=0 1050ms=0 1100ms=0 1150ms=0 1200ms=0 1250ms=0 1300ms=0 1350ms=0 1400ms=0 1450ms=0 1500ms=0 1550ms=0 1600ms=0 1650ms=0 1700ms=0 1750ms=0 1800ms=0 1850ms=0 1900ms=0 1950ms=0 2000ms=0 2050ms=0 2100ms=0 2150ms=0 2200ms=0 2250ms=0 2300ms=0 2350ms=0 2400ms=0 2450ms=0 2500ms=0 2550ms=0 2600ms=0 2650ms=0 2700ms=0 2750ms=0 2800ms=0 2850ms=0 2900ms=0 2950ms=0 3000ms=0 3050ms=0 3100ms=0 3150ms=0 3200ms=0 3250ms=0 3300ms=0 3350ms=0 3400ms=0 3450ms=0 3500ms=0 3550ms=0 3600ms=0 3650ms=0 3700ms=0 3750ms=0 3800ms=0 3850ms=0 3900ms=0 3950ms=0 4000ms=0 4050ms=0 4100ms=0 4150ms=0 4200ms=0 4250ms=0 4300ms=0 4350ms=0 4400ms=0 4450ms=0 4500ms=0 4550ms=0 4600ms=0 4650ms=0 4700ms=0 4750ms=0 4800ms=0 4850ms=0 4900ms=0 4950ms=0
50th gpu percentile: 8ms
90th gpu percentile: 10ms
95th gpu percentile: 11ms
99th gpu percentile: 12ms
GPU HISTOGRAM: 1ms=0 2ms=0 3ms=0 4ms=0 5ms=6 6ms=12 7ms=69 8ms=86 9ms=66 10ms=54 11ms=15 12ms=11 13ms=0 14ms=0 15ms=0 16ms=0 17ms=0 18ms=0 19ms=0 20ms=0 21ms=0 22ms=0 23ms=0 24ms=0 25ms=0 4950ms=0

Pipeline=Skia (OpenGL)
CPU Caches:
  Glyph Cache: 248.80 KB (1 entry)
  skia/sk_resource_cache/mipmap_0xb400007992aa0b00: 15.45 KB (1 entry)
  Glyph Count: 154 
Total CPU memory usage:
  270595 bytes, 264.25 KB (0.00 bytes is purgeable)
GPU Caches:
  Other:
    Other: 28.45 KB (1 entry)
    StencilAttachment: 4.00 KB (1 entry)
    Buffer Object: 2.50 KB (4 entries)
  Image:
    Texture: 23.93 MB (8 entries)
  Scratch:
    RenderTarget: 4.31 MB (1 entry)
    Texture: 4.00 MB (3 entries)
    Buffer Object: 48.00 KB (1 entry)
Total GPU memory usage:
  33892004 bytes, 32.32 MB (7.57 KB is purgeable)

Profile data in ms:

	com.anonymous.ecobudmobile/com.anonymous.ecobudmobile.MainActivity/android.view.ViewRootImpl@3ac6094 (visibility=0)
Window: com.anonymous.ecobudmobile/com.anonymous.ecobudmobile.MainActivity
Stats since: 18605700391262ns
Total frames rendered: 319
Janky frames: 319 (100.00%)
Janky frames (legacy): 319 (100.00%)
50th percentile: 32ms
90th percentile: 38ms
95th percentile: 40ms
99th percentile: 44ms
Number Missed Vsync: 66
Number High input latency: 237
Number Slow UI thread: 312
Number Slow bitmap uploads: 3
Number Slow issue draw commands: 319
Number Frame deadline missed: 319
Number Frame deadline missed (legacy): 82
HISTOGRAM: 5ms=0 6ms=0 7ms=0 8ms=0 9ms=0 10ms=0 11ms=0 12ms=0 13ms=0 14ms=0 15ms=0 16ms=0 17ms=0 18ms=0 19ms=0 20ms=1 21ms=0 22ms=4 23ms=3 24ms=4 25ms=4 26ms=8 27ms=10 28ms=15 29ms=19 30ms=29 31ms=18 32ms=56 34ms=55 36ms=33 38ms=39 40ms=9 42ms=6 44ms=3 46ms=1 48ms=1 53ms=1 57ms=0 61ms=0 65ms=0 69ms=0 73ms=0 77ms=0 81ms=0 85ms=0 89ms=0 93ms=0 97ms=0 101ms=0 105ms=0 109ms=0 113ms=0 117ms=0 121ms=0 125ms=0 129ms=0 133ms=0 150ms=0 200ms=0 250ms=0 300ms=0 350ms=0 400ms=0 450ms=0 500ms=0 550ms=0 600ms=0 650ms=0 700ms=0 750ms=0 800ms=0 850ms=0 900ms=0 950ms=0 1000ms=0 1050ms=0 1100ms=0 1150ms=0 1200ms=0 1250ms=0 1300ms=0 1350ms=0 1400ms=0 1450ms=0 1500ms=0 1550ms=0 1600ms=0 1650ms=0 1700ms=0 1750ms=0 1800ms=0 1850ms=0 1900ms=0 1950ms=0 2000ms=0 2050ms=0 2100ms=0 2150ms=0 2200ms=0 2250ms=0 2300ms=0 2350ms=0 2400ms=0 2450ms=0 2500ms=0 2550ms=0 2600ms=0 2650ms=0 2700ms=0 2750ms=0 2800ms=0 2850ms=0 2900ms=0 2950ms=0 3000ms=0 3050ms=0 3100ms=0 3150ms=0 3200ms=0 3250ms=0 3300ms=0 3350ms=0 3400ms=0 3450ms=0 3500ms=0 3550ms=0 3600ms=0 3650ms=0 3700ms=0 3750ms=0 3800ms=0 3850ms=0 3900ms=0 3950ms=0 4000ms=0 4050ms=0 4100ms=0 4150ms=0 4200ms=0 4250ms=0 4300ms=0 4350ms=0 4400ms=0 4450ms=0 4500ms=0 4550ms=0 4600ms=0 4650ms=0 4700ms=0 4750ms=0 4800ms=0 4850ms=0 4900ms=0 4950ms=0
50th gpu percentile: 8ms
90th gpu percentile: 10ms
95th gpu percentile: 11ms
99th gpu percentile: 12ms
GPU HISTOGRAM: 1ms=0 2ms=0 3ms=0 4ms=0 5ms=6 6ms=12 7ms=69 8ms=86 9ms=66 10ms=54 11ms=15 12ms=11 13ms=0 14ms=0 15ms=0 16ms=0 17ms=0 18ms=0 19ms=0 20ms=0 21ms=0 22ms=0 23ms=0 24ms=0 25ms=0 4950ms=0



---PROFILEDATA---
Flags,FrameTimelineVsyncId,IntendedVsync,Vsync,InputEventId,HandleInputStart,AnimationStart,PerformTraversalsStart,DrawStart,FrameDeadline,FrameInterval,FrameStartTime,SyncQueued,SyncStart,IssueDrawCommandsStart,SwapBuffers,FrameCompleted,DequeueBufferDuration,QueueBufferDuration,GpuCompleted,SwapBuffersCompleted,DisplayPresentTime,CommandSubmissionCompleted,
0,12703738,18608436982859,18608447993866,0,18608448195800,18608448199800,18608449484185,18608449576185,18608459104977,18608448170570,11011007,18608455309416,18608462119570,18608464239262,18608470757416,18608479386954,2313615,338154,18608479386954,18608473114954,18608503246954,18608470757416,
0,12703760,18608459005558,18608459005558,0,18608464792108,18608464793723,18608466138339,18608466268800,18608481127626,18608464786877,11010957,18608471181723,18608473251493,18608474098262,18608486009339,18608496901647,8100923,378230,18608496901647,18608487345723,18608514226339,18608486009339,
0,12703775,18608470008610,18608470008610,-969121088,18608477265647,18608477268723,18608478370031,18608478456493,18608492130191,18608477256493,11010470,18608482709339,18608487462031,18608488182262,18608497098339,18608507522954,5311077,373846,18608507522954,18608497935570,18608525228800,18608497098339,
0,12703790,18608481019080,18608481019080,0,18608488440800,18608488525031,18608489034647,18608489188416,18608503140661,18608488438570,11010470,18608493363877,18608498089339,18608499008493,18608508819800,18608519000800,6188692,337308,18608519000800,18608509975262,18608536250031,18608508819800,
0,12703805,18608492041908,18608492041908,-246352841,18608499751493,18608501423493,18608501812108,18608501919570,18608514164434,18608499742031,11011415,18608506440723,18608510115262,18608510811185,18608519565416,18608527873108,5799000,422692,18608527873108,18608520498570,18608547256723,18608519565416,
0,12703820,18608503043313,18608503043313,0,18608511028800,18608511120493,18608512441954,18608512628493,18608525165333,18608511026262,11010909,18608516582031,18608520626339,18608522606647,18608531898877,18608536310647,6323000,365307,18608536310647,18608534050647,18608558281416,18608531898877,
0,12703835,18608514053543,18608514053543,-534619637,18608523022339,18608524744723,18608525165416,18608525276108,18608536175476,18608523018877,11010822,18608529162954,18608534192108,18608534984493,18608544408416,18608550406262,6283616,373230,18608550406262,18608546740108,18608569276800,18608544408416,
0,12703850,18608525056342,18608525056342,0,18608535325416,18608535473647,18608536874570,18608537048723,18608547177781,18608535321108,11010328,18608541011570,18608546880723,18608547697647,18608556615800,18608562448493,6106769,366539,18608562448493,18608558881339,18608591304723,18608556615800,
0,12703865,18608536057048,18608547066732,-54040789,18608547957108,18608549476723,18608549800493,18608549882877,18608558177843,18608547947877,11009684,18608553669416,18608559024723,18608559906031,18608568871570,18608573597647,5889769,319616,18608573597647,18608571225108,18608602323185,18608568871570,
0,12703887,18608558064819,18608558064819,-629339098,18608560188723,18608561141339,18608562388493,18608562485108,18608580184708,18608560186262,11008778,18608566371493,18608571362954,18608572220416,18608585918031,18608591897416,10545308,459077,18608591897416,18608588200493,18608613311185,18608585918031,
0,12703902,18608569077046,18608569077046,-217456277,18608572489339,18608573401031,18608574103262,18608574191570,18608591197167,18608572486262,11009010,18608578654339,18608588329723,18608589313108,18608597789723,18608604300108,4816923,363770,18608604300108,18608600695262,18608624330954,18608597789723,
0,12703917,18608580086056,18608580086056,-1051347002,18608589937339,18608590798647,18608591572108,18608591691185,18608602206177,18608589926647,11009010,18608595935877,18608600834877,18608601842262,18608610300493,18608616778570,4664615,350462,18608616778570,18608612742031,18608635348800,18608610300493,
0,12703932,18608591088454,18608602096902,-909947356,18608602543877,18608603939262,18608604723185,18608604903800,18608613208013,18608602517108,11008448,18608610364185,18608612874570,18608613774031,18608623337339,18608629819570,5676616,383000,18608629819570,18608625440416,18608657353031,18608623337339,
0,12703955,18608613110018,18608613110018,-19242450,18608614191262,18608615410954,18608616220800,18608616316108,18608635229741,18608614186031,11008612,18608620774339,18608625573954,18608626341954,18608635286877,18608640519877,5696308,314846,18608640519877,18608637358877,18608668364185,18608635286877,
0,12703969,18608624118593,18608624118593,-646040286,18608627149031,18608628408108,18608629333954,18608629477954,18608646238347,18608627137416,11008643,18608633648800,18608637493954,18608638331877,18608650546262,18608656990954,9005538,343077,18608656990954,18608652630031,18608679400800,18608650546262,
0,12703984,18608635132150,18608635132150,-772344811,18608638648108,18608639627185,18608640393647,18608640494262,18608657252312,18608638645031,11009051,18608645488723,18608652753954,18608653472185,18608663022031,18608670182877,6222769,378461,18608670182877,18608665662031,18608690411185,18608663022031,
0,12703999,18608646141201,18608646141201,-113712535,18608653736108,18608654830262,18608655735570,18608655844108,18608668261363,18608653733031,11009051,18608659965108,18608665803262,18608666591493,18608675677108,18608682676800,5276616,356384,18608682676800,18608677832723,18608701431877,18608675677108,
0,12704014,18608657157258,18608657157258,0,18608666974570,18608667182262,18608668373723,18608668476108,18608679277938,18608666967185,11009569,18608672646647,18608677962647,18608678723570,18608688793108,18608695689108,6219692,418846,18608695689108,18608690837723,18608712405647,18608688793108,
0,12704029,18608668164750,18608668164750,-735621065,18608678968723,18608680803262,18608681076723,18608681244723,18608690285304,18608678964493,11009443,18608686120108,18608690965954,18608691710647,18608701436416,18608708737031,5989923,397231,18608708737031,18608703748108,18608723435570,18608701436416,
0,12704051,18608690183440,18608690183440,-633728255,18608691929416,18608693149954,18608694029954,18608694130647,18608712303810,18608691926031,11009259,18608698332108,18608703883877,18608704764185,18608715378031,18608722380416,7624923,502385,18608722380416,18608717803185,18608745450570,18608715378031,
0,12704066,18608701198472,18608701198472,-791728522,18608705016723,18608705954262,18608706711262,18608706802570,18608723319179,18608705013647,11009596,18608711626031,18608717946031,18608718984800,18608727215185,18608734286031,4430461,357847,18608734286031,18608729434339,18608756463493,18608727215185,
0,12704081,18608712218924,18608712218924,-611942094,18608719686262,18608720554877,18608721303262,18608721426877,18608734340416,18608719677954,11010381,18608725644416,18608729581954,18608730475493,18608741940723,18608749432723,8123154,420538,18608749432723,18608744188723,18608767487800,18608741940723,
0,12704096,18608723225826,18608723225826,0,18608730750570,18608730855493,18608731536493,18608731716416,18608745347110,18608730748108,11010173,18608736195570,18608744311877,18608745051800,18608757350570,18608764258647,7362538,694231,18608764258647,18608759730262,18608789500800,18608757350570,
0,12704111,18608734235999,18608745246172,-893985041,18608745287800,18608746516108,18608746798647,18608747094877,18608756357283,18608745280493,11010173,18608752859262,18608760084493,18608762028108,18608768737108,18608776498262,2513000,377308,18608776498262,18608771268723,18608800518954,18608768737108,
0,12704133,18608756261276,18608756261276,-714756880,18608762364493,18608763638339,18608764680185,18608764826262,18608778382912,18608762359800,11010525,18608769964493,18608771415185,18608772328723,18608782596723,18608789714877,6763692,390231,18608789714877,18608784719877,18608811497723,18608782596723,
0,12704148,18608767275640,18608767275640,0,18608772595800,18608772708493,18608773447262,18608773554570,18608789397635,18608772591877,11010884,18608777845723,18608784847262,18608785556723,18608796084723,18608803493723,6121538,432923,18608803493723,18608798245723,18608822525954,18608796084723,
0,12704163,18608778286524,18608778286524,-488871811,18608785856723,18608787592800,18608787837954,18608787982031,18608800408519,18608785853108,11010884,18608793087262,18608798393339,18608799289723,18608808643262,18608816055262,5581539,385539,18608816055262,18608810843185,18608833581416,18608808643262,
0,12704178,18608789300230,18608789300230,0,18608799754339,18608799967185,18608801320723,18608801409723,18608811422375,18608799744800,11011034,18608805586877,18608810966570,18608811737108,18608821302570,18608828966570,5874847,541769,18608828966570,18608824136185,18608844544416,18608821302570,
0,12704193,18608800310401,18608811321353,-53495217,18608811944416,18608813352108,18608813708108,18608813795877,18608822432464,18608811937723,11010952,18608817925647,18608824306647,18608825883185,18608834641339,18608842340493,4982461,533923,18608842340493,18608837452493,18608866596185,18608834641339,
0,12704215,18608822328689,18608822328689,-1026632960,18608826310954,18608828140723,18608829097108,18608829263262,18608844450557,18608826302339,11010757,18608834551493,18608837646954,18608839084493,18608849208108,18608856548493,6243692,378769,18608856548493,18608851259877,18608877570262,18608849208108,
0,12704230,18608833340123,18608833340123,-12030394,18608839370031,18608841239185,18608841946954,18608842108800,18608855462086,18608839367570,11010852,18608847296800,18608851407877,18608852251262,18608861363493,18608868721108,5626462,389230,18608868721108,18608863368723,18608888569339,18608861363493,
0,12704245,18608844350975,18608844350975,0,18608852532108,18608852628723,18608853827262,18608853996723,18608866472938,18608852529954,11010852,18608857783877,18608863500723,18608864268416,18608874469416,18608882206954,6733538,375154,18608882206954,18608876646262,18608899587877,18608874469416,
0,12704260,18608855368228,18608855368228,-860320825,18608864658877,18608866178877,18608866583493,18608866757416,18608877490527,18608864652108,11011188,18608871449339,18608876782954,18608877572723,18608887135185,18608894796108,6094385,420308,18608894796108,18608889218877,18608921603493,18608887135185,
0,12704275,18608866379416,18608877390604,-780330160,18608879942339,18608879953416,18608880754570,18608880842339,18608888501715,18608879934647,11011188,18608884734647,18608889340723,18608890147800,18608900224416,18608908032108,6487385,365923,18608908032108,18608902381031,18608932714954,18608900224416,
0,12704297,18608888401225,18608888401225,0,18608890500416,18608890501416,18608890752108,18608890830339,18608910523502,18608890497647,11011166,18608895573647,18608902527493,18608903356493,18608915406262,18608923066339,8271384,381539,18608923066339,18608917340185,18608943629031,18608915406262,
0,12704312,18608899405099,18608899405099,0,18608903526339,18608903527185,18608903897108,18608903986954,18608921526971,18608903523262,11010761,18608908584800,18608917470339,18608918197031,18608928264108,18608937137723,6031692,585000,18608937137723,18608930922570,18608954655493,18608928264108,
0,12704327,18608910415860,18608910415860,0,18608918399493,18608918400416,18608919475570,18608919708493,18608932537732,18608918397031,11010761,18608924143800,18608931134647,18608932455185,18608943825647,18608952155185,7849154,365847,18608952155185,18608946070570,18608976666570,18608943825647,
0,12704342,18608921422723,18608932433290,0,18608933090647,18608933092416,18608935094031,18608935293108,18608943544401,18608933078031,11010567,18608939913723,18608946212800,18608946993339,18608957832108,18608966153108,6908000,378461,18608966153108,18608959755262,18608987669647,18608957832108,
0,12704364,18608943452996,18608943452996,0,18608947300185,18608947301416,18608948530339,18608948876800,18608965574975,18608947297031,11010868,18608955385108,18608959891570,18608960721031,18608971883877,18608980087185,7730154,338077,18608980087185,18608973849339,18608998772185,18608971883877,
0,12704379,18608954459587,18608954459587,0,18608960950339,18608960951185,18608961933031,18608962047800,18608976581384,18608960948108,11010686,18608967190954,18608973977108,18608974729647,18608986091185,18608996569954,6049924,439385,18608996569954,18608987819800,18609020805031,18608986091185,
0,12704394,18608965470273,18608965470273,0,18608974988108,18608974989031,18608976177108,18608976342954,18608987592070,18608974985031,11010686,18608980706877,18608987948416,18608988773108,18608999611570,18609010966262,6172847,586769,18609010966262,18609001839800,18609031711262,18608999611570,
0,12704409,18608976480888,18608987491609,0,18608989084108,18608989085647,18608990630339,18608990724800,18608998602720,18608989072800,11010721,18608994888108,18609002028800,18609003161647,18609018965647,18609029811185,10011154,727000,18609029811185,18609021245416,18609053721031,18609018965647,
0,12704431,18608998494240,18608998494240,0,18609003417031,18609003418570,18609005054031,18609005249416,18609020615653,18609003411800,11010302,18609011886570,18609021501108,18609022374647,18609033455800,18609044971493,2735077,618462,18609044971493,18609035307877,18609064741416,18609033455800,
0,12704446,18609009504542,18609020514844,0,18609022729647,18609022731185,18609023872800,18609023985339,18609031625955,18609022717339,11010302,18609028631493,18609035553031,18609037100108,18609049840185,18609060483877,8102846,597769,18609060483877,18609051395185,18609075789108,18609049840185,
0,12704468,18609031560240,18609031560240,0,18609037385416,18609037386647,18609039782647,18609039923877,18609053683366,18609037381724,11012015,18609046492800,18609051631800,18609052560493,18609059766339,18609070906262,2689308,543692,18609070906262,18609061109031,18609086779185,18609059766339,
0,12704483,18609042572255,18609053584270,-55372440,18609055190570,18609055191877,18609055955800,18609056095493,18609064695381,18609055180108,11012015,18609060282877,18609061342570,18609063641954,18609072348800,18609082949954,3147385,575308,18609082949954,18609074236185,18609097776800,18609072348800,
0,12704506,18609064574876,18609064574876,-1396391,18609065120108,18609066252493,18609069210262,18609069464493,18609086697064,18609065114954,11011077,18609074163800,18609074409108,18609076699570,18609083996724,18609094206647,2573846,347692,18609094206647,18609084906031,18609108774647,18609083996724,
0,12704521,18609075578585,18609075578585,-324826816,18609077397724,18609078894954,18609079747185,18609079920185,18609097700416,18609077393954,11010720,18609084137954,18609085042647,18609085852416,18609094912185,18609101225339,5385770,677231,18609101225339,18609097986339,18609130801724,18609094912185,
0,12704536,18609086592412,18609086592412,-730143650,18609087312493,18609088136108,18609088825416,18609088927800,18609108714439,18609087306031,11010916,18609092965108,18609098282031,18609100617416,18609107693339,18609112210339,3743077,396385,18609112210339,18609109730570,18609141830262,18609107693339,
0,12704550,18609097597646,18609097597646,-55602557,18609100869031,18609101588724,18609102281031,18609102371493,18609119719267,18609100866262,11010510,18609106082647,18609109852108,18609110646031,18609124585416,18609130311493,10441000,402385,18609130311493,18609126503185,18609152811800,18609124585416,
0,12704565,18609108602307,18609108602307,-513222783,18609110917954,18609111757031,18609112732108,18609112816108,18609130723573,18609110914570,11010155,18609117201339,18609126631800,18609127412185,18609137845031,18609144228416,6224231,435077,18609144228416,18609140302877,18609163827570,18609137845031,
0,12704580,18609119612462,18609119612462,-672561263,18609128100800,18609129245031,18609130099800,18609130223185,18609141733728,18609128091493,11010155,18609134861647,18609140437416,18609141500185,18609150278339,18609156295570,4983769,449154,18609156295570,18609152430877,18609174858877,18609150278339,
0,12704595,18609130620673,18609141630898,-949770439,18609142042031,18609142850954,18609143578647,18609143667800,18609152742009,18609142025339,11010225,18609147686954,18609152564800,18609153380493,18609163410570,18609169605339,6173769,352385,18609169605339,18609165341031,18609196906954,18609163410570,
0,12704618,18609152637008,18609152637008,-87614695,18609153638339,18609155754031,18609156468724,18609156620493,18609174758170,18609153636185,11010051,18609161138262,18609165464724,18609166383262,18609178522339,18609185217339,7490385,362384,18609185217339,18609180972185,18609207907800,18609178522339,
0,12704632,18609163639050,18609163639050,-569811238,18609166954339,18609168339185,18609169116416,18609169250339,18609185759702,18609166945031,11009541,18609174665724,18609181134031,18609182172724,18609193265416,18609199802339,7397924,351077,18609199802339,18609195248800,18609218885031,18609193265416,
0,12704647,18609174641007,18609174641007,-859869863,18609182504185,18609183461954,18609184753647,18609185067493,18609196761068,18609182478031,11008950,18609188989954,18609195372108,18609196321416,18609206889031,18609214007493,6753154,381307,18609214007493,18609209623185,18609240927185,18609206889031,
0,12704662,18609185649957,18609185649957,0,18609196655800,18609196836800,18609198380185,18609198467185,18609207770018,18609196652724,11008950,18609202452800,18609209761031,18609210533416,18609221182262,18609227846031,6950539,405538,18609227846031,18609223509416,18609251896108,18609221182262,
0,12704677,18609196656710,18609207665361,-726749975,18609210784108,18609211622031,18609212100493,18609212520800,18609218776472,18609210774877,11008651,18609216816416,18609223656493,18609224509108,18609235408108,18609242193724,7645538,355615,18609242193724,18609237573724,18609262937954,18609235408108,
0,12704699,18609218693380,18609218693380,-504516122,18609224730570,18609225739262,18609226874339,18609227013954,18609240814239,18609224728108,11009748,18609230946647,18609237697724,18609238452800,18609249109031,18609256068108,7206231,364077,18609256068108,18609251375493,18609273956493,18609249109031,
0,12704714,18609229703128,18609229703128,0,18609238716724,18609238801724,18609239422647,18609239506031,18609251823987,18609238714339,11009748,18609244160724,18609251499493,18609252365031,18609263113031,18609270314570,6926538,376539,18609270314570,18609265371570,18609295971800,18609263113031,
0,12704729,18609240706764,18609251716078,-210730536,18609252582877,18609253911262,18609254474031,18609254689031,18609262827189,18609252573954,11009314,18609258570954,18609265493108,18609266384416,18609279080108,18609286320493,8324000,356923,18609286320493,18609281532185,18609306994031,18609279080108,
0,12704751,18609262718556,18609262718556,-907937326,18609266694031,18609268305339,18609269104185,18609269255262,18609284838436,18609266690262,11008769,18609274350647,18609281659185,18609282415185,18609292507570,18609299990954,6571692,398077,18609299990954,18609294740800,18609318003570,18609292507570,
0,12704766,18609273727325,18609273727325,-354071433,18609282779185,18609283774339,18609284899262,18609284997954,18609295846922,18609282776493,11008486,18609288932493,18609294906339,18609295805108,18609308450877,18609315851185,7728615,420923,18609315851185,18609310470954,18609340096416,18609308450877,
0,12704781,18609284734105,18609295742591,-134177852,18609296323262,18609298094262,18609298915570,18609299054877,18609306853702,18609296312185,11008486,18609303417647,18609310632493,18609312145108,18609320910031,18609328100185,4743077,346461,18609328100185,18609322890647,18609351038262,18609320910031,
0,12704803,18609306781312,18609306781312,-507242767,18609312617647,18609313474647,18609314188724,18609314357416,18609328903139,18609312613339,11010716,18609318330031,18609323014570,18609323758031,18609334570031,18609342355493,7122077,396000,18609342355493,18609337043877,18609362015493,18609334570031,
0,12704818,18609317794311,18609317794311,0,18609324082339,18609324187800,18609324852724,18609324998262,18609339916241,18609324079800,11010819,18609329471493,18609337170954,18609337910570,18609348072724,18609355399493,6842077,391692,18609355399493,18609350181954,18609373038031,18609348072724,
0,12704833,18609328805130,18609328805130,-56648249,18609338144416,18609338895800,18609339406570,18609339638031,18609350927060,18609338141647,11010819,18609344073724,18609350308493,18609351072800,18609361763493,18609369150262,6777308,381308,18609369150262,18609363998877,18609395049108,18609361763493,
0,12704848,18609339815990,18609350826739,-782468368,18609351309416,18609352131800,18609353479185,18609353566031,18609361937850,18609351298954,11010749,18609357464185,18609364173954,18609364901031,18609375805416,18609384296724,7041770,597769,18609384296724,18609378588493,18609406085339,18609375805416,
0,12704870,18609361859688,18609361859688,-938873813,18609365156416,18609366737031,18609367559493,18609367699800,18609383982785,18609365154031,11011986,18609372690570,18609378724724,18609379501724,18609389432493,18609396743262,6468615,361231,18609396743262,18609391498031,18609417083570,18609389432493,
0,12704885,18609372865191,18609372865191,-691482686,18609379820416,18609380860185,18609382073339,18609382165339,18609394988067,18609379817724,11011765,18609386375185,18609391645108,18609392457647,18609402836800,18609410493647,6911077,398462,18609410493647,18609405111262,18609428148185,18609402836800,
0,12704900,18609383876956,18609383876956,0,18609392752493,18609392843493,18609393408493,18609393490647,18609405999832,18609392749954,11011765,18609398382954,18609405237339,18609405932800,18609418215262,18609425536416,7828307,433231,18609425536416,18609420310262,18609450134647,18609418215262,
0,12704915,18609394883990,18609405895559,-43781233,18609406294570,18609408427877,18609408685031,18609408822954,18609417006670,18609406279800,11011569,18609412864185,18609420447570,18609421201647,18609430286262,18609437934877,5905923,463616,18609437934877,18609432974262,18609461123800,18609430286262,
0,12704937,18609416896442,18609416896442,-13360314,18609421414954,18609422690954,18609423441954,18609423541416,18609439018524,18609421412493,11010971,18609427442954,18609433158570,18609434127262,18609445954339,18609453497108,8597615,343000,18609453497108,18609448112800,18609472153108,18609445954339,
0,12704952,18609427905601,18609427905601,-34216160,18609434505647,18609435645339,18609437207800,18609437377954,18609450027632,18609434501647,11010920,18609441492493,18609448233416,18609448928724,18609459232108,18609467119262,6910692,433231,18609467119262,18609461406570,18609494167262,18609459232108,
0,12704967,18609438916521,18609438916521,0,18609449180416,18609449262570,18609449962954,18609450210339,18609461038552,18609449178031,11010920,18609454454031,18609461564108,18609462423185,18609473561647,18609481561108,7731077,438461,18609481561108,18609476251493,18609505192493,18609473561647,
0,12704982,18609449933672,18609460944787,-473453904,18609462705108,18609463606570,18609463961108,18609464127800,18609472055898,18609462695800,11011115,18609469287570,18609476390954,18609477194570,18609489088185,18609496461647,7516923,380538,18609496461647,18609491054647,18609516171262,18609489088185,
0,12705004,18609471949231,18609471949231,-116955599,18609478488800,18609478499800,18609479478954,18609479662647,18609494071035,18609478485954,11010693,18609484082570,18609491182647,18609492157724,18609501354262,18609508994339,5837615,387384,18609508994339,18609503367800,18609527218031,18609501354262,
0,12705019,18609482959924,18609482959924,0,18609492908416,18609492911877,18609493227570,18609493312108,18609505081728,18609492902570,11010693,18609497866877,18609503521339,18609504363877,18609514887185,18609522683570,7337000,511384,18609522683570,18609517293108,18609549226031,18609514887185,
0,12705034,18609493974773,18609493974773,0,18609504576416,18609504577724,18609505060108,18609505226031,18609516096906,18609504573339,11011022,18609510820493,18609517420185,18609518134570,18609528627877,18609535314954,6518539,569923,18609535314954,18609531342954,18609560239493,18609528627877,
0,12705049,18609504986803,18609515997977,0,18609518330262,18609518330954,18609519132724,18609519245108,18609527109088,18609518320493,11011174,18609524155185,18609531578877,18609532985108,18609549846954,18609557921416,13532077,704307,18609557921416,18609552391877,18609582242031,18609549846954,
0,12705071,18609527003974,18609527003974,0,18609533430954,18609533432493,18609534932800,18609535080185,18609549125975,18609533425647,11010890,18609546566647,18609552558031,18609553474339,18609565218647,18609573280108,5801231,690538,18609573280108,18609567805954,18609593262262,18609565218647,
0,12705086,18609538014864,18609549025754,0,18609554450031,18609554457108,18609556832493,18609556960493,18609560136865,18609554401108,11010890,18609571034877,18609571210262,18609572173339,18609579926339,18609590558262,2145769,379077,18609590558262,18609581328724,18609604273339,18609579926339,
0,12705108,18609560032917,18609571043389,0,18609572482262,18609572483493,18609573894570,18609573984416,18609582154500,18609572469339,11010472,18609578850877,18609581455877,18609582264800,18609590919262,18609600799493,4869231,306231,18609600799493,18609591657416,18609615274647,18609590919262,
0,12705131,18609582054236,18609582054236,-302647295,18609586012493,18609586013647,18609586358262,18609586455570,18609604175809,18609586009108,11010462,18609590792185,18609591781339,18609592549339,18609602728493,18609613857724,6134846,345462,18609613857724,18609604098877,18609626287800,18609602728493,
0,12705146,18609593059902,18609593059902,-436474105,18609593772108,18609594758570,18609595134954,18609595246954,18609615181178,18609593764724,11010165,18609600678570,18609604231262,18609604996493,18609614670954,18609624844185,6264385,324307,18609624844185,18609615509108,18609648327800,18609614670954,
0,12705161,18609604069688,18609604069688,-896066657,18609605379185,18609606175262,18609606709416,18609606924108,18609626190927,18609605374262,11010128,18609611416108,18609615657647,18609616449108,18609625747493,18609631191800,6068615,323769,18609631191800,18609626502339,18609659358954,18609625747493,
0,12705175,18609615079528,18609615079528,-1060488207,18609616650954,18609618232416,18609618493724,18609618581647,18609637200727,18609616648108,11010088,18609622366877,18609626620416,18609627404108,18609644212416,18609648618877,13630462,366385,18609648618877,18609646860493,18609670388493,18609644212416,
0,12705190,18609626096537,18609626096537,-369065514,18609627664108,18609628612185,18609629649031,18609629831262,18609648218444,18609627663185,11010796,18609634303570,18609647024185,18609647949339,18609661342262,18609667367800,8277154,429539,18609667367800,18609663532724,18609692366262,18609661342262,
0,12705205,18609637107333,18609648118129,-212231266,18609648323570,18609649900724,18609650669108,18609650755185,18609659229240,18609648310339,11010796,18609655866031,18609663710954,18609665436493,18609675201031,18609681516724,6063077,331615,18609681516724,18609677810647,18609703438031,18609675201031,
0,12705227,18609659127665,18609659127665,-1037006525,18609666041031,18609666816724,18609667727800,18609667812724,18609681249454,18609666037416,11010678,18609672626262,18609677939570,18609678723262,18609688774647,18609694755800,6741231,386230,18609694755800,18609690836416,18609725417954,18609688774647,
0,12705242,18609670138343,18609670138343,0,18609679022031,18609679134647,18609680347800,18609680569031,18609692260132,18609679018877,11010678,18609684399877,18609690961416,18609691720416,18609703852493,18609709078570,8093615,634154,18609709078570,18609706566647,18609736411493,18609703852493,
0,12705257,18609681153980,18609681153980,-676611105,18609691964108,18609692960800,18609693399877,18609693562031,18609703275942,18609691961647,11010851,18609698259800,18609706808724,18609708212416,18609719334031,18609725474647,7782076,377231,18609725474647,18609721486877,18609747431570,18609719334031,
0,12705279,18609703181554,18609703181554,-868556068,18609708445031,18609709656108,18609711000493,18609711080800,18609725303678,18609708441647,11011013,18609715393108,18609721607800,18609722312724,18609731774954,18609738126339,6639462,354770,18609738126339,18609734161108,18609758461416,18609731774954,
0,12705294,18609714192567,18609714192567,0,18609722574262,18609722659185,18609723336493,18609723529416,18609736314691,18609722571877,11011013,18609727797416,18609734287570,18609734987800,18609746005416,18609753150262,7508077,468846,18609753150262,18609748561954,18609780482954,18609746005416,
0,12705309,18609725214729,18609725214729,-18612605,18609735213339,18609736462954,18609737049416,18609737358339,18609747337328,18609735210647,11011488,18609742800724,18609748740185,18609749785416,18609761341339,18609767760108,7959077,430153,18609767760108,18609763424416,18609791466877,18609761341339,
0,12705324,18609736233815,18609747245906,-1022734767,18609750090570,18609751365724,18609752778877,18609752866954,18609758357017,18609750079570,11012091,18609757089108,18609763598877,18609764596416,18609775838262,18609783168416,7450692,447154,18609783168416,18609778448185,18609802501031,18609775838262,
0,12705346,18609758252935,18609758252935,-396134687,18609764955800,18609766009954,18609767322339,18609767415493,18609780375951,18609764952416,11011905,18609771684108,18609778611185,18609779536493,18609789153339,18609796146570,6256385,354539,18609796146570,18609791255570,18609813498570,18609789153339,
0,12705361,18609769264840,18609769264840,0,18609780153108,18609780349724,18609781400724,18609781492493,18609791387856,18609780146570,11011905,18609785538570,18609791386647,18609792216108,18609802846031,18609809805416,7289230,382693,18609809805416,18609804919185,18609835558031,18609802846031,
0,12705376,18609780280665,18609791292818,-448278865,18609792435185,18609793159800,18609793491262,18609793621954,18609802403929,18609792427800,11012153,18609798720493,18609805051877,18609805825339,18609817847877,18609824825416,8165539,423154,18609824825416,18609819974339,18609846529724,18609817847877,
0,12705398,18609802303712,18609802303712,-127288901,18609806037954,18609806913954,18609808378877,18609808560724,18609824427030,18609806034954,11012207,18609813225339,18609820143570,18609820931800,18609830999493,18609837973954,6908307,375769,18609837973954,18609832962954,18609857557031,18609830999493,
0,12705413,18609813315919,18609813315919,-161352539,18609821267185,18609822031877,18609823313108,18609823406647,18609835439075,18609821264493,11012045,18609827619800,18609833090647,18609833791262,18609844164185,18609851522954,6981461,348924,18609851522954,18609846348724,18609868570954,18609844164185,
0,12705428,18609824326128,18609824326128,0,18609834047262,18609834135800,18609835309416,18609835559877,18609846449284,18609834045108,11012045,18609840244416,18609846473031,18609847297416,18609857272108,18609864682954,6619308,394769,18609864682954,18609860266647,18609890602570,18609857272108,
0,12705443,18609835338063,18609846350204,-280488393,18609847531800,18609849056800,18609849533339,18609849640493,18609857461315,18609847522339,11012141,18609853960108,18609860406877,18609861178954,18609872949031,18609880188416,6220385,375307,18609880188416,18609874990877,18609901615262,18609872949031,
0,12705465,18609857364665,18609857364665,-794297222,18609861973724,18609863275262,18609864288416,18609864540724,18609879488099,18609861969416,11012323,18609869961724,18609875128108,18609875955262,18609885496108,18609892657724,5678385,416538,18609892657724,18609887619877,18609912675800,18609885496108,
0,12705480,18609868374379,18609868374379,-959114384,18609876409416,18609878000185,18609878647493,18609878814877,18609890497616,18609876405031,11012126,18609883885339,18609887750954,18609888533724,18609898333339,18609905482339,6511077,394154,18609905482339,18609900318031,18609923637108,18609898333339,
0,12705495,18609879386505,18609879386505,0,18609888818339,18609888926031,18609889803877,18609890001108,18609901509742,18609888815800,11012126,18609894473339,18609900460800,18609901256724,18609912696185,18609920454877,7472231,401539,18609920454877,18609915242570,18609945653647,18609912696185,
0,12705510,18609890397381,18609901409410,-509321594,18609901545339,18609903014262,18609903552185,18609903704493,18609912520521,18609901535800,11012029,18609908939493,18609915362877,18609916190954,18609926604185,18609934012800,6601231,359307,18609934012800,18609928673724,18609956654570,18609926604185,
0,12705532,18609912420277,18609912420277,-108995746,18609916413647,18609918137031,18609918816416,18609918978954,18609934543194,18609916410647,11011806,18609923655493,18609928798262,18609929677647,18609940478647,18609948196493,7225769,383769,18609948196493,18609942823800,18609967665339,18609940478647,
0,12705547,18609923440695,18609923440695,-81979269,18609930001108,18609931243493,18609932622877,18609932773724,18609945563919,18609929997031,11012113,18609937232185,18609942954954,18609943773108,18609954276416,18609961824185,6453308,417307,18609961824185,18609956455262,18609978705416,18609954276416,
0,12705562,18609934452808,18609934452808,0,18609944190339,18609944287570,18609945124493,18609945259877,18609956576032,18609944186954,11012113,18609949588800,18609956581647,18609957343493,18609968091800,18609975875877,6860385,472923,18609975875877,18609970342877,18610000697416,18609968091800,
0,12705577,18609945463404,18609956475399,-878559304,18609957567800,18609958735493,18609959237724,18609959589031,18609967586510,18609957559493,11011995,18609965699493,18609970512416,18609971423800,18609982493954,18609990166570,7186461,398154,18609990166570,18609984742031,18610011713339,18609982493954,
0,12705599,18609967487035,18609967487035,-334200649,18609971698877,18609973558647,18609974528185,18609974667493,18609989610327,18609971695493,11012181,18609980117954,18609984878877,18609985670570,18609997589954,18610005431493,8143770,443077,18610005431493,18610000128493,18610022721954,18609997589954,
0,12705614,18609978493059,18609978493059,-729065081,18609985923877,18609986832416,18609987930877,18609988182877,18610000615952,18609985921416,11011782,18609992577954,18610000269416,18610001249339,18610011742262,18610019879493,6903384,388538,18610019879493,18610014277724,18610044735570,18610011742262,
0,12705629,18609989504841,18610000516623,-305825273,18610003362570,18610003375262,18610004122262,18610004207570,18610011627734,18610003354647,11011782,18610008729954,18610014445031,18610015429031,18610025693954,18610034649108,6293000,393230,18610034649108,18610027966031,18610055751262,18610025693954,
0,12705651,18610011533429,18610011533429,0,18610015903800,18610015906647,18610016584493,18610016791800,18610033656790,18610015896108,11012250,18610021410262,18610028174954,18610029174570,18610042446570,18610050894647,9532000,483154,18610050894647,18610044569724,18610077782262,18610042446570,
0,12705666,18610022539909,18610022539909,0,18610029502877,18610029503877,18610029944108,18610030107493,18610044662900,18610029498877,11011880,18610036803493,18610044754647,18610045996493,18610057463262,18610066067800,7516615,337000,18610066067800,18610059514877,18610088796185,18610057463262,
0,12705681,18610033551789,18610044563669,0,18610046272800,18610046274262,18610048215877,18610048468800,18610055674780,18610046258339,11011880,18610053362570,18610059638339,18610060523493,18610076951877,18610082682339,8134154,407769,18610082682339,18610077982647,18608448211493,18610076951877,
0,12705703,18610055565618,18610055565618,0,18610060801416,18610060802647,18610061814339,18610061932108,18610077688100,18610060798647,11011371,18610068079800,18610078146339,18610079033339,18610087849339,18610094902877,1931769,360385,18610094902877,18610090422339,18608459179493,18610087849339,
0,12705718,18610066576989,18610077588360,0,18610079382570,18610079384108,18610081399493,18610081530031,18610077688100,18610079367800,11011371,18610089819800,18610090561724,18610091395800,18610105373108,18610114083570,10751616,451077,18610114083570,18610107440800,18608470222647,18610105373108,
0,12705740,18610088592303,18610088592303,0,18610091644416,18610091645339,18610092531262,18610092629031,18610099703414,18610091641954,11010892,18610098302877,18610107582339,18610108538877,18610119244416,18608467098570,6004307,361538,18608467098570,18610120909108,18608492198262,18610119244416,
---PROFILEDATA---


View hierarchy:

  com.anonymous.ecobudmobile/com.anonymous.ecobudmobile.MainActivity/android.view.ViewRootImpl@3ac6094
  188 views, 370.63 kB of render nodes


Total ViewRootImpl   : 1
Total attached Views : 188
Total RenderNode     : 370.63 kB (used) / 1253.87 kB (capacity)

  ProcessConfig={1.1 ?mcc?mnc [en_PH] ldltr sw411dp w411dp h833dp 280dpi nrml long port night finger -keyb/v/h -nav/h winConfig={ mBounds=Rect(0, 0 - 720, 1600) mAppBounds=Rect(0, 58 - 720, 1516) mMaxBounds=Rect(0, 0 - 720, 1600) mDisplayRotation=ROTATION_0 mWindowingMode=fullscreen mDisplayWindowingMode=fullscreen mActivityType=undefined mAlwaysOnTop=undefined mRotation=ROTATION_0 mPopOver=off mStageConfig=undefined mFreeformTaskPinningState=unpinned mFreeformStashState=undefined} s.57 fontWeightAdjustment=0 ff=0 bf=0 bts=0 themeSeq=0 nightDim=0}
  Application ResourcesConfig={1.1 ?mcc?mnc [en_PH] ldltr sw411dp w411dp h833dp 280dpi nrml long port night finger -keyb/v/h -nav/h winConfig={ mBounds=Rect(0, 0 - 720, 1600) mAppBounds=Rect(0, 58 - 720, 1516) mMaxBounds=Rect(0, 0 - 720, 1600) mDisplayRotation=ROTATION_0 mWindowingMode=fullscreen mDisplayWindowingMode=fullscreen mActivityType=undefined mAlwaysOnTop=undefined mRotation=ROTATION_0 mPopOver=off mStageConfig=undefined mFreeformTaskPinningState=unpinned mFreeformStashState=undefined} s.57 fontWeightAdjustment=0 ff=0 bf=0 bts=0 themeSeq=0 nightDim=0}
